00079560320108060090;
00082886720108060090;
00086559120108060090;
01949207020168060001;
02142467420208060001;
02153674020208060001;
00049022720138060089;
00039411820158060089;
00046444620158060089;
02572786120228060001;
01691397520188060001;
04029279620188060001;
02596112020218060001;
00296589220218060001;
02795152620218060001;
00503549720208060159;
02471747820208060001;
02472734820208060001;
00497367820148060090;
00497956620148060090;
00500043520148060090;
01055245320148060001;
02013286720228060001;
02000341820238060171;
02000930620238060171;
02001554620238060171;
02008916420238060171;
08969760620148060001;
08977053220148060001;
08983860220148060001;
08985341320148060001;
00083447620108060001;
00834479420078060001;
00840158120058060001;
00846644620058060001;
00850925720078060001;
00864067220068060001;
00086499420098060001;
00008694520058060001;
08550504520148060001;
04619934020008060000;
04639853620008060000;
00381804420038060000;
00195405120078060000;
00219967120078060000;
01200697020108060001;
00502674920208060028;
00504753320208060028;
00501251120218060028;
00067642220138060028;
00093234420168060028;
00010734820188060029;
00012926120188060029;
00013601120188060029;
00030021920188060029;
00032481520188060029;
00032638120188060029;
00033763520188060029;
00006895120198060029;
00170955020198060029;
00173605220198060029;
00181815620198060029;
00500068120208060029;
00500336420208060029;
00511421620208060029;
00520446620208060029;
00521745620208060029;
00510665520218060029;
00530446720218060029;
00535244520218060029;
02003085420228060029;
02004392920228060029;
02008143020228060029;
00207994220178060029;
00213615120178060029;
00216906320178060029;
00217771920178060029;
00222751820178060029;
00375437820188060029;
00002013020188060030;
00050094420198060030;
00503182020218060030;
00052926420198060031;
00504138120208060031;
00503063420208060032;
02001136020228060032;
02001274420228060032;
02002374320228060032;
02002365820228060032;
02003482720228060032;
00110418220218060034;
00513756120218060034;
00002460420188060040;
00501606620208060040;
00100753820208060040;
00506188320208060040;
00507760720218060040;
00508748920218060040;
00008753820198060041;
00506530620218060041;
00002116320038060042;
00011818220118060042;
00017726820168060042;
00017480620178060042;
00155333220178060043;
00260462520188060043;
00262905120188060043;
02002896320238060045;
00026489420198060049;
00027415720198060049;
00142790620178060049;
00152412920178060049;
00277436320188060049;
00504398520218060050;
02001105120228060050;
00083528220198060051;
00504557020208060051;
00506055120208060051;
00508757520208060051;
00509329320208060051;
00101223920218060052;
00027605120198060053;
00504414620218060053;
02003425420228060053;
02003494620228060053;
00141647020178060053;
00152931320178060053;
00173457920178060053;
00284095220188060053;
00004012820198060054;
00502820320218060054;
00041843320168060054;
00041956220168060054;
00044545720168060054;
00044987620168060054;
00037596920178060054;
00043027220178060054;
00043044220178060054;
00512168920208060055;
00513138920208060055;
00100755620218060055;
00507688220218060055;
00507921320218060055;
00509930520218060055;
00506924920218060058;
00003405520198060059;
00004522420198060059;
00063242020198060059;
00508353520218060059;
00510909020218060059;
02001544320228060059;
00500844220218060061;
00503251620218060061;
00101377820218060061;
02000409820228060061;
00001524720058060061;
00038637420168060061;
00503445320208060062;
00505021120208060062;
00186232520168060062;
00170735820178060062;
00101058920208060067;
00034929220168060067;
00037552720168060067;
00034726720178060067;
00034908820178060067;
00036597520178060067;
00037039420178060067;
00037047920178060067;
00066006120188060067;
00066777020188060067;
00067166720188060067;
00067288120188060067;
00067703320188060067;
00010178920188060069;
00002181220198060069;
00011555620188060069;
00003220420198060069;
00002675320198060069;
00003689020198060069;
00020248220198060069;
00026561120198060069;
00026682520198060069;
00027098920198060069;
00540176720198060069;
00504569820208060069;
02800143420208060069;
00507436120208060069;
00509340920208060069;
00509912720208060069;
00510882720208060069;
00510917920208060069;
00511090320208060069;
00504488720218060069;
00504981620218060069;
00505926120218060069;
00506238120218060069;
00513868220218060069;
02800166720218060069;
00520874320218060069;
00521047920218060069;
00524867220218060069;
00527672820218060069;
00527768720218060069;
02000900320228060069;
02001195320228060069;
02001585020228060069;
02001983220228060069;
02002762620228060069;
00038568720188060069;
00038585720188060069;
00043349520188060069;
00045003020188060069;
00046180620188060069;
00046882320188060069;
00003466320188060070;
00013296220188060070;
00028799220188060070;
02800107920208060074;
00523323620218060075;
00524293620218060075;
00046332220168060076;
00001991620188060077;
00005790520198060077;
00008172420198060077;
00011350720198060077;
00018519820008060077;
00002952220048060077;
00001407720088060077;
00037103220128060077;
00033688420138060077;
00035061720148060077;
00031785320158060077;
00047423320168060077;
00029499520128060078;
00030711120128060078;
00030041220138060078;
00037117720138060078;
00031926820148060078;
00005568120188060081;
00065731220138060081;
00080344320188060081;
00084943020188060081;
00000397320188060082;
00115125320188060083;
00116034620188060083;
00116606420188060083;
00118728520188060083;
00119472720188060083;
00003973220188060084;
00012648820198060084;
00516331820218060084;
00016626320188060086;
00010968020198060086;
00514192120218060086;
00506484020218060087;
00101803420218060087;
00006449820188060088;
00003788220168060088;
00003239720178060088;
00003698620178060088;
00003784820178060088;
00004166020178060088;
00502976120218060089;
00001390420188060090;
00010302520188060090;
00502022220218060092;
00504569220218060092;
00504785320218060092;
00505183520218060092;
00337443220188060092;
00000098320108060093;
00039473920178060094;
00035885520188060094;
00037704120188060094;
02000746820228060095;
00008765220198060096;
00301904320198060096;
02000642120228060096;
02001266120228060096;
02001655820228060096;
02001959320228060096;
02002478920228060096;
02003543620228060096;
02003612820228060096;
02003742720228060096;
02003916320228060096;
02004331520228060096;
02004886320228060096;
02005146120228060096;
02005259020228060096;
02006038420228060096;
02006133120228060096;
02006168320228060096;
02006289720228060096;
02006566520228060096;
02006558020228060096;
02006782620228060096;
02006904020228060096;
02007086120228060096;
02007371420228060096;
02007545020228060096;
02007787820228060096;
02007926220228060096;
02008246720228060096;
02008705620228060096;
00501423420218060097;
00000409820048060098;
00000365120108060098;
00000581220108060098;
00000798520108060098;
00021936020118060098;
00026923920148060098;
00025518320158060098;
00506778820208060099;
02003525420228060100;
00054955220158060100;
00082631420168060100;
00074565720178060100;
00079112220178060100;
00000868720188060101;
00011613020198060101;
02001506520228060104;
00103294220228060104;
00103285720228060104;
02000576820238060104;
00500315720208060106;
00028243820158060106;
00038200220168060106;
00037720920178060106;
00042813720178060106;
00501732420218060107;
00501836820218060107;
00502218020218060107;
02001046720228060107;
02003428620228060107;
00064578020178060108;
00100248520188060108;
00049978920168060109;
00052005120168060109;
00054049520168060109;
00055547620168060109;
00055876620168060109;
00003649820178060109;
00007052720178060109;
00008161120178060109;
00008663720178060109;
00047799020188060109;
00002365620098060110;
00014821420148060110;
00501786820208060111;
00503743820208060111;
00502225320218060111;
00012076220148060111;
00002096020158060111;
00007205820158060111;
00008825320158060111;
00008865620168060111;
00002895320178060111;
00002973020178060111;
00010447720178060111;
00000051120188060111;
00002216920188060111;
00508088420218060113;
00010154720198060114;
00014026220198060114;
00500370620218060114;
00500414320218060114;
00500682620218060114;
00500812520218060114;
00500856220218060114;
00168642720178060115;
00002466720188060116;
00512088020218060119;
00001391120188060120;
00006065320198060120;
00006195220198060120;
00006333620198060120;
00008135220198060120;
00011451920198060120;
00012551820198060120;
00507809520218060120;
02000055820228060120;
02001649820228060120;
02002689020228060120;
02003372520228060120;
02003433220228060120;
02003797420228060120;
02004074220228060120;
02005113420228060120;
02005312520228060120;
02005668220228060120;
02006291020228060120;
02006741420228060120;
00083465920198060121;
00057054020158060121;
00057642820158060121;
00069184720168060121;
00069522220168060121;
00063933120178060121;
00068948220178060121;
00069666920178060121;
00076785920178060121;
00079011220178060121;
02800034020208060122;
08000137720228060122;
00503859420218060123;
00504413020218060123;
02001198520228060123;
02001241020228060123;
00057802820198060125;
00112628820188060125;
00501216820218060126;
00503234520218060126;
00504724120218060126;
00108855120178060126;
00501268720218060127;
00507281220208060128;
00000084220008060128;
00000733720008060128;
00000742220008060128;
00062761520008060128;
00009728820078060128;
00121120720168060128;
00125547020168060128;
00135272520168060128;
00126461420178060128;
00126479620178060128;
00132637120178060128;
00135260620178060128;
00049303020178060129;
00503051220218060130;
00101529420228060131;
02002478120228060131;
02003716420228060131;
02003228620238060131;
02003340320238060131;
02003358520238060131;
02003367020238060131;
02003375520238060131;
02003384020238060131;
02001016920248060131;
02001094620248060131;
00903346620198060133;
00058120620198060134;
00051089220168060135;
00049405620178060135;
00049786820178060135;
00508396620208060137;
00500859020218060137;
00504028820218060137;
00110332920178060137;
00065070420178060142;
00056857820188060142;
00001125620188060143;
00003082620188060143;
00006027820188060143;
00301432520198060143;
00104100520218060143;
02000638920228060143;
00068632220198060144;
02001564620228060145;
02001815920228060145;
02001989520228060145;
02002898820228060145;
00101031120228060145;
02003686720228060145;
02003808120228060145;
00014000220108060149;
00028260520178060149;
00020754420198060150;
00201564120198060150;
00500311320208060153;
00036791220118060153;
00047147020128060153;
00047268420128060153;
00164894020168060154;
00002005520188060156;
00504516920218060157;
00203069520198060158;
00212379820198060158;
00511197120208060158;
00514704420208060158;
00515605220208060158;
00109772520208060158;
00134716720148060158;
00488758220148060158;
00490541620148060158;
00490914320148060158;
00499168420148060158;
00401454320188060158;
00408504120188060158;
00002212220188060159;
00503485620218060159;
00004662420048060159;
00004547320058060159;
00003270420068060159;
00034219720198060160;
00004008420178060160;
00005627920178060160;
00004446620188060161;
