04675146020008060001;
04698426020008060001;
04772787020008060001;
04792974920008060001;
04796230920008060001;
04804831020008060001;
04817857420008060001;
04820048720008060001;
04897630520008060001;
04900653420008060001;
04919810620008060001;
04925596620008060001;
02735503320228060001;
02736992920228060001;
02331097320238060001;
02835075820228060001;
02836158720228060001;
02837579120228060001;
02839544620228060001;
02843529020228060001;
02846049320228060001;
02276257720238060001;
02276404620238060001;
02278430820238060001;
02284086920238060001;
02284658720238060001;
02542415520248060001;
02217786520218060001;
02225936220218060001;
02508961820238060001;
02509083220238060001;
02509118420238060001;
02512409620238060001;
02513985420238060001;
00295534720238060001;
02516627120238060001;
02516696320238060001;
02516748520238060001;
02595880620238060001;
02573649520238060001;
02579928420238060001;
01554587220178060001;
01557782520178060001;
01560216620178060001;
01567023620178060001;
01569690820178060001;
01572047220178060001;
00179803720088060001;
00187702120088060001;
00205327220088060001;
00230633420088060001;
00235016020088060001;
00264419520088060001;
00404246420088060001;
00455526520088060001;
00462203620088060001;
00466481820088060001;
02351911420228060001;
02464670820238060001;
01316930920168060001;
01332217820168060001;
00590937320058060001;
00595986420058060001;
00604586520058060001;
00613507120058060001;
00634612820058060001;
00650202020058060001;
00663098520058060001;
00669151620058060001;
00707268120058060001;
00728243920058060001;
00763310820058060001;
00768455820058060001;
00847025820058060001;
00848922120058060001;
00872843120058060001;
04730004020118060001;
04737495720118060001;
04750244120118060001;
04751067220118060001;
04779829720118060001;
04800987620118060001;
04810193520118060001;
04847711520118060001;
02722491720238060001;
02726138620238060001;
01858679420188060001;
01863996820188060001;
01864923120188060001;
02493875220238060001;
02494247920238060001;
02494533220238060001;
02494740820238060001;
01590168120198060001;
01590895320198060001;
01591813120198060001;
02785411820238060001;
02788686020238060001;
02789119420238060001;
02790305520238060001;
01863343920198060001;
02264045920238060001;
01459859120198060001;
01464171320198060001;
02398088020238060001;
02400105720238060001;
01528738120168060001;
01542846220168060001;
01675943820168060001;
01676446420168060001;
01680282720168060001;
01683253420168060001;
01685583120168060001;
01687705220168060001;
01691074120168060001;
02303163020248060001;
02306445720248060001;
01844455020198060001;
01846447220198060001;
01850379420198060001;
02742472020238060001;
02742827720238060001;
02746006020238060001;
02751159520238060001;
00297818520248060001;
00298701120248060001;
02628494220248060001;
02628927620248060001;
02630278820248060001;
02634098120248060001;
02634297220248060001;
02288751420248060001;
02289201820248060001;
02291887220248060001;
02292995620248060001;
02836467320238060001;
00036232720238060001;
03081115520008060001;
03088555020008060001;
03094140720008060001;
03129320520008060001;
03136690820008060001;
03153917720008060001;
03155181520008060001;
03158265120008060001;
03158671820008060001;
03162708420008060001;
03182410720008060001;
03186221520008060001;
03203101220008060001;
03204678220008060001;
03253178220008060001;
03322879820008060001;
03327296420008060001;
03332579820008060001;
03336728120008060001;
08788709320148060001;
08798677620148060001;
02151246220218060001;
02157014020218060001;
02043956920248060001;
02441252420238060001;
02441365320238060001;
02446648720238060001;
02446994720238060001;
02449211520238060001;
01364703220198060001;
02615956820238060001;
00347447320238060001;
02566397720218060001;
04806642520118060001;
04872135120118060001;
04872195820118060001;
04872212820118060001;
04876136520118060001;
04887309120118060001;
04887862720118060001;
04894133120118060001;
04929607920118060001;
04942469220118060001;
02742608220248060001;
00345564620248060001;
02743811320248060001;
00346396220248060001;
00346404720248060001;
02746955620248060001;
01679040620008060001;
02137980520008060001;
02149672720008060001;
02168301820008060001;
02169895820008060001;
02191634020008060001;
02056911620248060167;
02056955320248060167;
02057068220248060167;
02057353520248060167;
02057518620248060167;
02004077220248060055;
02004259320248060055;
02008814320248060055;
02009013420248060055;
02009178520248060055;
02008124120238060121;
02001062420248060121;
02001980220248060121;
02007774720248060121;
02008069720248060121;
02008172920248060121;
00538979420168060112;
00556724720168060112;
00565238620168060112;
00502639620208060097;
02000826020238060111;
02003112020238060111;
02000208320248060111;
02002754120248060111;
00102879820248060111;
00104428220228060043;
00104817920228060043;
02003564720248060092;
02003573220248060092;
02006673820248060092;
00028717920008060092;
00041795320008060092;
00090121720008060092;
00008878420058060092;
00013121420058060092;
00000465520068060092;
00009134820068060092;
00009256220068060092;
00011118520068060092;
00014902620068060092;
02009724220248060053;
02007048820228060107;
02007704820238060070;
02015638420238060070;
02015984420238060070;
02018873220238060084;
02001099020248060084;
02007756620248060157;
02007765120248060157;
02007964220248060157;
02007972720248060157;
00101698120248060157;
00017721920138060157;
00022193620158060157;
00031016120168060157;
00033187020178060157;
02007055320238060167;
02010943820238060167;
02014191320238060167;
00079573220128060182;
00087203320128060182;
00095448920128060182;
00095491420128060182;
02001908320248060134;
00004151520098060134;
00001005020108060134;
00040243520118060134;
00082816620178060143;
00070835720188060143;
00070913420188060143;
00057079620198060144;
02030903720248060167;
02031172020248060167;
02031284920248060167;
00042166620158060153;
02005278220248060163;
02005676420248060163;
02005693420248060163;
02006378120248060163;
02006395120248060163;
02006533520248060163;
02006577220248060163;
02007685620248060163;
02007928420248060163;
02007997620248060163;
02008465020248060163;
02008473520248060163;
02008768520248060163;
02008829220248060163;
02009114520248060163;
02009288120248060163;
02009512720248060163;
02009686320248060163;
02009711820248060163;
02009720320248060163;
02009816220248060163;
02010205920248060163;
02010249620248060163;
02010327320248060163;
02005093720248060171;
02005665520248060171;
02006262820248060171;
02002936420238060057;
00115090620238060057;
00100417020248060057;
02000871620248060057;
00101127220248060057;
00101638320248060057;
00102287820248060057;
00001940620088060057;
00020298220158060057;
00035405920148060087;
00052033820178060087;
02017502220238060158;
02001797920248060158;
02004924020248060158;
02021623920228060173;
02022403320228060173;
02000359420238060173;
02000757620238060173;
02002402620238060173;
02004828220238060173;
02006490220238060173;
02006680820238060173;
02016445420248060084;
02016600820248060084;
00526772020218060069;
00526798720218060069;
00526807220218060069;
00055010620198060040;
02001005520248060173;
02005119820248060173;
02006609420248060173;
02007483520248060173;
02007778520248060173;
02008809220248060173;
02001479020238060067;
02002604420238060067;
02003331620238060067;
02005549620238060067;
02005805120248060070;
02006264020248060070;
02006653720248060070;
02006861320248060070;
02006019220238060092;
02007984720238060092;
02035739320248060029;
02012045820248060084;
00301656620198060084;
00304627320198060084;
00504556820208060084;
02020639820248060173;
02020820720248060173;
02020838920248060173;
02020847420248060173;
02023757420248060173;
00014076820008060173;
00051707720008060173;
00004355920048060173;
00010098220048060173;
00002302520078060173;
00010200920078060173;
00015440620078060173;
00011072820088060173;
00059532020108060173;
00062615620108060173;
00062624120108060173;
00065049720108060173;
00066088920108060173;
00065773520118060173;
00066969320118060173;
00067600620118060173;
00074061620118060173;
02036180820248060091;
00101071120258060091;
00101140320258060091;
00101288420258060091;
00100589720248060157;
00101178520248060157;
02018649420248060070;
02018934720248060070;
02019879220248060070;
00105263120248060070;
00105453720248060070;
02020866220248060070;
00105826420248060070;
02023776220248060070;
00098797620008060070;
00110559020008060070;
00153021720008060070;
00035117520058060070;
00019066020068060070;
00030798520078060070;
00035847620078060070;
00036185120078060070;
00029261820088060070;
00003138820098060070;
00003147320098060070;
00028228920098060070;
02002929120248060074;
00002863020088060074;
00024210520148060074;
02019407620248060084;
00003378420038060084;
00000241620098060084;
00045959320108060084;
02004335420248060028;
02005253220248060028;
02007227420248060096;
00028101220008060096;
00000256220098060096;
00001157020098060096;
00001191020098060096;
00004127720098060096;
00005236120098060096;
00006136920098060096;
00055023220108060096;
00061559720118060096;
00063759520118060096;
00066718320128060096;
00068631620128060096;
00300840920198060120;
00502320720208060120;
00503187520208060120;
00501227120218060120;
00503426920218060120;
00517773720218060069;
02800200720218060069;
00031352920148060085;
00038896320178060085;
00000365320088060120;
00005540920098060120;
00005559120098060120;
00028012620108060120;
00027611020118060120;
00038382020128060120;
00038390520128060120;
00038408720128060120;
00036197020138060120;
00042605820138060120;
00035665520148060120;
00040836020148060120;
00042646120148060120;
00045397320158060120;
02004093420238060069;
02004137120238060069;
02004240320238060069;
02004587520238060069;
02004717420238060069;
02004881320238060069;
02005159320238060069;
02005176320238060069;
02005886520238060069;
02005920520238060069;
02006007920238060069;
02006293220238060069;
02006362420238060069;
02000184520248060069;
02000297420248060069;
02000349620248060069;
02000366620248060069;
02000687120248060069;
02001206720248060069;
02001301420248060069;
02001717820248060069;
02001864720248060069;
02002099020248060069;
02002298120248060069;
02005187520248060081;
02005499520248060081;
02006953920248060081;
02008114520248060081;
00019843120008060081;
00060711020128060081;
02003287020248060095;
02006236120248060175;
02006548120248060175;
00000383320008060175;
00008579120058060175;
00116989020248060075;
02015339720248060075;
02015390720248060075;
00117551120248060075;
02015633520248060075;
00118487120248060075;
00120314220248060075;
02017669420248060075;
02018405120248060075;
02018448820248060075;
00123397820248060075;
02018552020248060075;
02018690420248060075;
02018872520248060075;
02019513520248060075;
02019704120248060075;
02020579420248060075;
02000275220258060075;
02000751120258060075;
02010079220238060099;
02010087720238060099;
02010269820238060099;
02001310620248060099;
02001302120248060099;
02027071520248060117;
02028483420248060117;
02024027920248060101;
02060724220248060064;
00055723020138060036;
00048251220158060036;
