00239587920188060086;
00243918320188060086;
00002162220188060087;
02012046320238060029;
02005231420248060141;
00103650220248060141;
00000704320008060141;
00053682520148060141;
00060022120148060141;
00064644120158060141;
00075310720168060141;
00086527020168060141;
00087972920168060141;
00080357620178060141;
00081941920178060141;
02005980920228060146;
00104062220228060146;
02003325120248060146;
02001414320248060166;
00518323720208060064;
00524499420208060064;
00524533420208060064;
00503555120208060137;
00500744220148060158;
00501229820148060158;
00502441420148060158;
00502485120148060158;
00502788620148060158;
00502900320148060158;
00504113120148060158;
00967302320158060158;
00970402920158060158;
00972897720158060158;
00974976120158060158;
02004323320248060137;
00108051020248060137;
02007103420248060137;
02006857320238060034;
02000795020238060097;
02001926120238060175;
00103229420238060175;
00100462920248060175;
02004138320248060086;
02004995420248060086;
00027881620008060043;
00034438520008060043;
00041479820008060043;
00041488320008060043;
00048450720008060043;
00252870420168060117;
02003823820238060138;
02003059220248060138;
00102092320248060138;
02043781820228060158;
02043825520228060158;
02000172120238060158;
02006806720238060158;
02007187920238060158;
02007577620238060158;
02020083920248060112;
02020161620248060112;
02023201520248060112;
02023869220248060112;
00502749420208060075;
00506005420208060075;
00507442820208060075;
00509158220208060075;
00509547920208060075;
00511305820208060075;
00512240620208060075;
00013461920008060171;
00017653920008060171;
00023855120008060171;
00025933520008060171;
00085251320148060171;
00009875420098060171;
00012681020098060171;
00015756120098060171;
00066435520108060171;
00067133820118060171;
00070018320118060171;
00072555620118060171;
00074625520118060171;
00076764620118060171;
00082122320128060171;
02004253120248060108;
02005604320248060108;
02007206820248060108;
02007293020248060108;
02007336720248060108;
02008289720248060108;
02008644220248060108;
02009216020248060108;
02009328920248060108;
02011245020248060034;
00579868720218060112;
02000640320248060144;
02006131320248060144;
00023021920008060144;
00023030420008060144;
00017090720008060203;
00040969220008060203;
00002857020138060203;
00002539420158060203;
02029311620228060151;
02030411520228060151;
02000381820238060151;
02001127220238060151;
00404723920128060112;
00406915220128060112;
00410258620128060112;
02006350820238060047;
02007209120238060047;
02000614820248060047;
02002355720248060047;
02003091420248060047;
02012329220228060117;
02013247020228060117;
02013576020228060117;
02013215920228060071;
02003087320248060097;
02003667620248060097;
02003676120248060097;
02003797520248060097;
00053371820098060064;
00080384920098060064;
00001216220178060075;
00003554420178060075;
00002668420188060075;
02032324620238060112;
02032758020238060112;
00000932320168060207;
00002838320168060207;
00006276420168060207;
00002202420178060207;
00000576620028060208;
00103332320248060100;
02006870520248060100;
00103522920248060100;
02007884220248060100;
00104259820248060100;
00104649520248060100;
00104666520248060100;
00105177620248060100;
02009763520248060100;
00105852620248060100;
00105930320248060100;
00105991020248060100;
00106216820248060100;
02002502020238060125;
00102858620248060125;
00010711420008060125;
00011231020008060125;
00012071120008060125;
02557269020248060001;
00274901520248060001;
02560074620248060001;
02561451320248060001;
00166224720168060101;
00169983320168060101;
00141097220178060101;
00141183420178060101;
00148917920178060101;
00150753520178060101;
00164498620178060101;
00165312020178060101;
02030556720238060117;
02031379820238060117;
02032289120238060117;
02034635820238060117;
02008068720238060071;
02011653720238060071;
02004550520238060075;
02006652720238060117;
02006887020238060117;
02013564120238060117;
02016136620238060117;
02002586220238060168;
02003686120238060168;
02004128020238060168;
02002935320248060114;
00502742320208060034;
00510078620208060034;
00511187020208060034;
02013315620228060119;
02005514920248060151;
02000329320238060059;
02009841420228060122;
02002217620238060122;
02005578020238060122;
08000027720248060122;
08000036220248060122;
08000053220248060122;
00102455120228060133;
00102602020228060133;
02002214320238060133;
02008181220238060133;
02010078520248060090;
02010311620248060090;
00027299420118060155;
00036891620128060155;
00038635420148060155;
00043234120148060155;
00052319320178060155;
00054969520178060155;
00097079020128060175;
00085262020138060175;
02003154820238060114;
02067236120238060112;
02069115420238060112;
02069877820238060112;
02022996520248060071;
02024243320248060071;
02025083420248060071;
00085604920118060115;
00097617620118060115;
00111150520128060115;
00112666820128060115;
02052045120238060112;
02058141920238060112;
02005200820248060158;
02005954720248060158;
02008110820248060158;
02008405820248060158;
02009661120248060158;
02009730320248060158;
02010865420248060158;
00104182920248060158;
02010995320248060158;
02011168920248060158;
02011194420248060158;
02011385020248060158;
02011445720248060158;
02011818420248060158;
01340719820178060001;
01349423120178060001;
01353043320178060001;
00020998120188060029;
00023353320188060029;
00026453920188060029;
00026661520188060029;
00027034220188060029;
00082908220108060075;
00089117920108060075;
00087780320118060075;
00091071520118060075;
00091314320118060075;
00100148720118060075;
00104479120118060075;
00107137820118060075;
00114282320118060075;
01812209020178060001;
01812538020178060001;
01815213720178060001;
01451105820188060001;
00505516720218060175;
02003107120228060175;
02008805720228060175;
02066872720248060001;
00005535220198060159;
02407706920248060001;
00023043520198060075;
02822835120238060001;
02829252420238060001;
00003363520058060115;
00010831420078060115;
00009520520088060115;
00009803620098060115;
00009881320098060115;
00016463720098060115;
00000447420108060115;
00081026620108060115;
02489270220228060001;
02489686620228060001;
02003784820228060069;
02004130820228060069;
02004252220228060069;
02004382120228060069;
02004729320228060069;
02004754820228060069;
02004798520228060069;
02004815520228060069;
02004832520228060069;
02004997620228060069;
02005092320228060069;
02005265920228060069;
02005802520228060069;
02005932420228060069;
02006365820228060069;
02007015320228060069;
02007023820228060069;
02000317820238060069;
02000326320238060069;
02000577620238060069;
02000854420238060069;
02000984320238060069;
02001001320238060069;
02001200420238060069;
02001321820238060069;
02001374020238060069;
02001409220238060069;
02001426220238060069;
02001486920238060069;
02001503920238060069;
02001832920238060069;
02001971320238060069;
02002161920238060069;
02002197120238060069;
02002335520238060069;
02002361020238060069;
02002620820238060069;
02002699720238060069;
02002794420238060069;
02002838120238060069;
02003054220238060069;
02003349220238060069;
02003357720238060069;
02003617520238060069;
02003825120238060069;
02003833620238060069;
02003842120238060069;
02003850620238060069;
02003868820238060069;
08921884620148060001;
08932043520148060001;
08935828820148060001;
08938167020148060001;
00021714720108060159;
00030805020148060159;
00033463720148060159;
00033662820148060159;
00028775420158060159;
00046682420168060159;
00042790520178060159;
00045458920178060159;
01920015020128060001;
01931992520128060001;
01959984120128060001;
00503336620208060145;
00501688220218060145;
00501948020218060145;
00502181120218060145;
01372994720188060001;
04971350520008060001;
05042118020008060001;
05055922620008060001;
05067329520008060001;
05069450420008060001;
05121995520008060001;
05159358120008060001;
00001845820178060214;
00002625220178060214;
00003595220178060214;
00003638920178060214;
00000856120128060215;
00002062120148060215;
00003101320148060215;
00003551720148060215;
00000280420168060215;
00002368520168060215;
00000831820178060215;
00003586420178060215;
00001366220188060215;
00001513120188060215;
02095201820248060001;
02096500820248060001;
02096977920248060001;
02097038620248060001;
02406904720208060001;
02413504120208060001;
00399498320238060001;
02755117220238060001;
02391112520248060001;
02392870420248060001;
02393303820248060001;
03885712920008060001;
03895309720008060001;
00389592020088060001;
00039347720078060001;
03942995120008060001;
01504461920138060001;
02080585720238060293;
02087046720238060293;
02047204120248060293;
02066941620248060293;
02071921520248060293;
02085588920248060293;
02089555120248060293;
02089607320248060293;
02004001120258060293;
02004053320258060293;
08000039720258060293;
01702567220168060001;
00068765620168060134;
00069053820188060134;
00071236620188060134;
01583927620128060001;
01562024320128060001;
05136693820118060001;
05142721420118060001;
05167327120118060001;
05168548420118060001;
05174506820118060001;
00002358320138060190;
02383624220238060001;
02395429320238060001;
02395498520238060001;
02396294920238060001;
05446830620128060001;
05466222120128060001;
05468058920128060001;
05476372520128060001;
05502727620128060001;
02651153620238060001;
02651258020238060001;
02656705320238060001;
00170581320178060055;
00172841820178060055;
00181797620178060055;
00183312720178060055;
00172163420188060055;
00175852820188060055;
00176294720188060055;
02325802020248060001;
02327456720248060001;
00040139020178060038;
00010717820008060039;
00028245020128060039;
00026867820158060039;
00045051620168060039;
02294843120238060001;
02298471820238060001;
00171296320168060115;
00152550920178060115;
00158336920178060115;
00162675820178060115;
00163819420178060115;
02794973420238060001;
02795069320238060001;
02795310920238060001;
02796108520238060001;
02796619620238060001;
00416983820238060001;
00067867620108060128;
07715178220008060001;
07729286320008060001;
07746962420008060001;
07748720320008060001;
07780886920008060001;
07816335020008060001;
07850760920008060001;
07945024520008060001;
02477229820238060001;
02481135320238060001;
02483802520238060001;
02486911620238060001;
02487137420238060001;
02487206620238060001;
02487613320238060001;
02487431220238060001;
02487657020238060001;
02487674020238060001;
00008904520108060001;
00018466120108060001;
00043971420108060001;
00193810320108060001;
00024814020198060126;
01085854820168060001;
01091371320168060001;
01092202920168060001;
01109698120168060001;
00136432420168060001;
00008808620188060173;
00010210820188060173;
00011516120198060173;
00027122320198060173;
00028439520198060173;
00033159620198060173;
00502108120208060173;
00502298720208060173;
00503545520208060173;
01385316520168060001;
01396064220168060001;
05482445820008060001;
05527819720008060001;
05627417720008060001;
05635879420008060001;
05644894720008060001;
05661003520008060001;
05666373120008060001;
05667378320008060001;
05689359320008060001;
05706186820008060001;
05717012220008060001;
00041389220058060001;
00414633320078060001;
00415087120068060001;
04162215120008060001;
00416602220068060001;
04166883020008060001;
04181528920008060001;
