02005235320248060031;
00282497620248060001;
02580557520248060001;
00282514620248060001;
00123137920178060090;
00128455320178060090;
00034367420008060114;
00034514320008060114;
00003866420058060114;
00003071720078060114;
00037775120108060114;
00041833820118060114;
00049028320128060114;
00050661420138060114;
00103356820238060151;
02005708920238060151;
02006566020238060151;
02007449820238060151;
02012403020238060151;
02016266020238060151;
02016959220238060151;
02104657320228060001;
02040461620238060029;
02043978620238060029;
02047278320238060029;
02047416720238060029;
00087336520128060171;
00078975820138060171;
00075941020148060171;
00076232620158060171;
00076674520158060171;
00082113320158060171;
00082130320158060171;
00082641420158060171;
00084088520158060171;
00117377120168060171;
02004107620248060168;
02004116120248060168;
02004428120248060168;
02005389620248060168;
02005501320248060168;
02006307420248060168;
02006376620248060168;
04815721920108060001;
04827388620108060001;
04830280420108060001;
04851777020108060001;
04885605620108060001;
04848615720108060001;
04521688320118060001;
04554494720118060001;
00003006920188060201;
00001162620128060201;
00001942020128060201;
00003068620128060201;
00002221720148060201;
00486422420168060091;
00489583720168060091;
00491584420168060091;
00491653620168060091;
00504567120168060091;
00405927220178060091;
00406195520178060091;
00410811220178060091;
00412560620178060091;
00415340720178060091;
02006334820248060097;
02007001320248060097;
00271706220248060001;
02022314720248060029;
02009054620248060031;
00665958220138060001;
01977675020138060001;
01982741120138060001;
01998564620138060001;
02004445320138060001;
02058433520228060167;
02058866920228060167;
02059256620228060167;
02060174420228060167;
02060677020228060167;
02062816120228060167;
02063249520228060167;
02066306420228060167;
02002915520238060167;
02020614920248060167;
02021169720248060167;
02021559420248060167;
02022554920248060167;
02024287320248060167;
02025508620248060167;
02049561720238060167;
02051017320238060167;
02054775920238060167;
02055815120238060167;
02006854420238060173;
02006845920238060173;
02007902120238060173;
02009158620238060173;
02012657420238060173;
00004178020078060028;
00001417820098060028;
00049946220118060028;
00058085320198060106;
00039118720198060106;
00489899120148060167;
00501564620148060167;
00519284420148060167;
00535453920148060167;
00536692220148060167;
00548038420148060167;
00553408020148060167;
00569456120148060167;
00965152020158060167;
00981191620158060167;
00100787820248060128;
02002957820248060128;
02003884120248060128;
02005639420238060055;
02005673420238060055;
02009259620238060055;
02013849820238060055;
02014550320238060055;
02015893020238060055;
02017443320238060055;
02000491020248060055;
02003195920248060176;
02003507920248060176;
02003602620248060176;
00102541020248060176;
02006391220248060176;
02006417920248060176;
00103529220248060176;
00012664020008060176;
00012726620088060176;
00057975220128060176;
00073093620138060176;
00059528420148060176;
00067634420148060176;
00067755820148060176;
02008973920228060096;
02009026120228060096;
02009398820228060096;
02009441320228060096;
02009510520228060096;
02000024420238060096;
02000206520238060096;
02000215020238060096;
02000414120238060096;
02000881520238060096;
02001314920238060096;
02002085820238060096;
02002146520238060096;
02002276420238060096;
02002389320238060096;
02002613920238060096;
02002622420238060096;
02003860720238060096;
02004329320238060096;
02004380320238060096;
02005411020238060096;
02006770720238060096;
02001407420248060096;
02001459620248060096;
02004378120248060096;
02007048920248060084;
02007403420248060084;
02008624720248060084;
02004541020248060164;
00073416320148060028;
00073404420158060028;
00073578020158060028;
00073898520158060028;
00077804020158060028;
00002607620128060111;
00008358420128060111;
00009016420128060111;
00010081120128060111;
00000802620138060111;
00001747120138060111;
00001971720138060111;
00005419520138060111;
00007800220138060111;
00000679020148060111;
00003658220148060111;
00004437620148060111;
00010335320148060111;
00010959320148060111;
00514214720218060035;
00108985320198060167;
00005102620058060121;
00005674420058060121;
00049537320128060121;
00044744620138060121;
00051543120138060121;
00053327720138060121;
00045520620148060121;
00053558620148060121;
00055697720148060121;
00048211120158060121;
02002208320238060157;
02002753420238060157;
02005707120238060157;
00514559320218060173;
00514844620218060173;
00514861620218060173;
00518542520218060173;
00519495520218060173;
02000656620228060173;
02000847220228060173;
02002137720228060173;
02002864920228060173;
02003791220228060173;
02003878620228060173;
02005177620228060173;
02005368220228060173;
02005410720228060173;
02006797120228060173;
02007515820228060173;
02010495020228060173;
02010841020228060173;
02011161520228060173;
00131475520118060070;
00145904120118060070;
00153707820118060070;
00172645520128060070;
00166069420138060070;
00152988620148060070;
00965819720158060070;
00978264620158060070;
00054626520168060120;
00055527320168060120;
00056851820168060120;
00057163820168060120;
00053722320178060120;
00048003320188060120;
00048696520188060120;
00050238320188060120;
00510384320208060055;
02002857020238060095;
02002960220238060095;
00101353520238060095;
02005013120238060095;
02016014520228060163;
02016058220228060163;
02001427120238060163;
02001980720238060163;
02003531020238060163;
02003878220238060163;
02004172020238060163;
02004241220238060163;
02004986620238060163;
02005038820238060163;
02005332620238060163;
02005410320238060163;
02005437020238060163;
02006476220238060163;
02006683820238060163;
02006700820238060163;
02007350320238060163;
02007437720238060163;
02008043520238060163;
02010685220238060163;
02012451620238060163;
02012495320238060163;
08000183920238060163;
02055219620238060064;
00396845420128060167;
00455288220128060167;
00411764720138060167;
00447013720138060167;
00447022220138060167;
00074271820178060161;
00055181720168060050;
00136695420178060173;
00236524320188060173;
00237555020188060173;
00239599420188060173;
00131224120248060117;
02042271020248060117;
00134255520248060117;
02004014520238060170;
08000043420238060170;
02032965120248060167;
02033363320248060167;
02036212620248060167;
02037762920248060167;
02038127120248060167;
02038257020248060167;
02038265520248060167;
02038603020248060167;
02038802120248060167;
02038906520248060167;
02039382420248060167;
02010020820248060173;
02010410520248060173;
02011268820248060173;
02011883120248060173;
02002371520238060127;
02002411820248060127;
00007603620088060127;
00024777820118060127;
00036821120128060127;
02002218120228060067;
02005145120228060067;
02009295420248060070;
02009615920248060070;
02009815020248060070;
02011053320248060070;
02011061820248060070;
02011019320248060070;
02012439720248060070;
02012672820248060070;
02012854920248060070;
02013037020248060070;
00116522120118060055;
00122645620118060055;
02018781520238060070;
00106591020238060070;
02023268520238060070;
02024272520238060070;
02000530220248060070;
02009936420248060167;
02010854220248060167;
02004644620238060081;
02008065720238060081;
02008290320238060081;
02008507620238060081;
02000528120248060081;
00155709620188060084;
00158887920188060084;
00160524420188060084;
00160732020188060084;
00162420720188060084;
00162455920188060084;
00162516620188060084;
00162525120188060084;
02007278220248060133;
02007563520248060133;
00101704120248060133;
02014241720228060055;
02016753520228060055;
02017637320228060055;
02019074720228060055;
02019317520228060055;
02000702020238060055;
02001585820238060055;
02002209820238060055;
02002243820238060055;
02005093120238060055;
02028066320238060167;
02030396020238060167;
02033452920238060167;
02034709420238060167;
02034717920238060167;
02034787120238060167;
02035522820238060167;
00100525520248060104;
00043002520128060104;
00116027320148060092;
00117525420148060092;
00117586120148060092;
00112239820158060092;
00168570720178060092;
00170311620178060092;
00170338320178060092;
00171386020178060092;
02001962020248060028;
02003451620248060028;
02000201920228060058;
02005623720228060058;
02009242120238060182;
00100097820248060182;
00100114820248060182;
02003359220248060182;
02008064820238060084;
02009528920238060084;
08000127520238060084;
02001145920228060092;
02001258820228060092;
02002098920228060092;
02002912320228060092;
02003215820228060092;
02003657720228060092;
02003796120228060092;
02004835320228060092;
02004843820228060092;
02000813520238060092;
00090635820178060051;
00091605820178060051;
00177343620188060051;
02009485120238060052;
02000734720248060052;
02006133020238060182;
02007198920238060182;
02004078420248060051;
00101751820248060051;
02007499520248060051;
02007759320248060051;
02007854020248060051;
00103224420248060051;
02008174520248060051;
00103362820248060051;
00103389520248060051;
02008685620248060051;
02008694120248060051;
02008763320248060051;
00101293120248060115;
00023567720188060071;
02007140820238060040;
02000426320248060040;
02001413320248060040;
02005890620248060040;
00035016220008060181;
00036419620008060181;
00010663720088060181;
00008123020098060181;
00057356520108060181;
02003036820248060059;
02003885420248060059;
02004128220248060059;
02004136720248060059;
02004145220248060059;
02005002320248060059;
00101776120248060059;
02005418720248060059;
02007185120248060059;
00010226320088060166;
00000912620098060166;
00012319520098060166;
00045443020108060166;
00101518420248060052;
08000029320248060052;
08000063320248060052;
02009135720248060052;
02011067220248060052;
02011586820248060052;
02014289220248060052;
02005190820248060066;
02015603520248060090;
00101755520248060168;
02007979120248060168;
02008134520248060168;
00027450420148060168;
00000977420178060191;
00210843620178060158;
00217348320178060158;
00221115420178060158;
02006545620248060054;
02007861620248060054;
00010826220008060054;
00013996020008060054;
00014671020008060054;
00031568920008060054;
00001272620038060054;
00001281120038060054;
02000834620238060143;
02002506320238060143;
02002567020238060143;
02003155820238060143;
02004186520238060143;
00103298520238060143;
00513343420218060151;
00556582420208060112;
05500029220218060112;
02008544120248060126;
00016011520008060126;
00019909720008060126;
00021823020008060126;
00526747720148060112;
00537409220148060112;
00545844220148060112;
02019441720228060171;
02019476920228060171;
00104515120248060115;
02012808620248060115;
02012920320248060115;
02013041720248060115;
00104688720248060115;
02013259020248060115;
02014210820248060115;
00059318820008060115;
00355366020138060071;
00325223420148060071;
00327934320148060071;
00334793520148060071;
00351058920148060071;
00352911520148060071;
00362638220148060071;
00519404120218060158;
02017079220238060091;
02020802620238060091;
02000601720248060030;
02001659120248060030;
08000051720248060030;
00034320220178060030;
00033962320188060030;
00034854620188060030;
02008369020238060114;
