05240735120118060001;
05412526120128060001;
05431614120128060001;
02169468120248060001;
00162035520248060001;
02172550520248060001;
02172793320248060001;
00357213120248060001;
00357239820248060001;
00357871120248060001;
00358260820248060001;
00358729420248060001;
02776558220248060001;
02776887220248060001;
02777111820248060001;
02786881020248060001;
02071628020248060001;
02075464320248060001;
02077153020248060001;
00127817220248060001;
02038155420158060001;
02382695020218060001;
00212882720218060001;
02384132420218060001;
02385076920218060001;
02390151520218060001;
02390792520218060001;
00381725920068060001;
00419824220068060001;
00420603620068060001;
00446395420068060001;
00448473820068060001;
00480934220068060001;
00508389220068060001;
00510857320068060001;
00528654820068060001;
00546261720068060001;
00560032320068060001;
00666022120068060001;
08416757420148060001;
08416003520148060001;
10601734020148060001;
08422022620148060001;
08425946320148060001;
08434338820148060001;
02375041120238060001;
02375474520238060001;
02377397520238060001;
02380498120238060001;
01601744520178060001;
01220875420168060001;
01229025120168060001;
01571645620188060001;
01575291320188060001;
02760925320248060001;
00350890520248060001;
00353203220248060001;
02762969720248060001;
02763809820248060001;
02763896020248060001;
02764995920248060001;
00353930420248060001;
02765922220248060001;
02419591920238060001;
02422952320238060001;
02425290520238060001;
02426339420238060001;
02426287220238060001;
02426486320238060001;
02427395620238060001;
01352934320138060001;
01371182220138060001;
00205088220248060001;
02317773720248060001;
02318171920248060001;
02357365020238060001;
02357928320238060001;
02295548220228060001;
02296881220228060001;
02634703920248060001;
02635535520248060001;
02635881520248060001;
00300823220248060001;
02637293420248060001;
00301801720248060001;
02639926620248060001;
02640540920248060001;
00366921620248060001;
00366965320248060001;
00367078220248060001;
00367172920248060001;
02799517720248060001;
02801560920248060001;
02573602420248060001;
02555285320248060001;
02556047720248060001;
02755175020218060001;
02756170520218060001;
02758648320218060001;
01482757920198060001;
01485728620198060001;
07383498920008060001;
07397139620008060001;
07397303520008060001;
07486786320008060001;
07526780920008060001;
07537209320008060001;
07538672220008060001;
07546779420008060001;
07562714620008060001;
07566716020008060001;
07567642320008060001;
07581907020008060001;
07669475320008060001;
02958439420228060001;
02662557120248060001;
02663388720248060001;
00312619820248060001;
02666791620248060001;
02142911020228060001;
02144747820228060001;
02147241420228060001;
02087858220248060001;
02173487020218060001;
02175842220218060001;
02187396020218060001;
02157054320228060001;
02801082120228060001;
08087946320228060001;
02807586820228060001;
01492729620188060001;
01497077020188060001;
00012519620098060001;
00014095420098060001;
00077327520098060001;
00209082420098060001;
00215352820098060001;
00224819720098060001;
02430282320228060001;
02431113920228060001;
02654147620248060001;
02852792220238060001;
02853563120238060001;
02857738120238060001;
01234816220178060001;
01251549020178060001;
02128502320248060001;
00147944420248060001;
01977491920198060001;
01978392720198060001;
01979779120198060001;
01980688420198060001;
00275569220248060001;
02562119020248060001;
00276252720248060001;
02564526420248060001;
02564933120248060001;
09198828720148060001;
09200213920148060001;
05031579320118060001;
05219047720008060001;
05237130520008060001;
05241184120008060001;
05373736620008060001;
05379166920008060001;
05401952820008060001;
05446702720008060001;
02688149820248060001;
02689933220248060001;
00322605120248060001;
00322630620248060001;
00323055520248060001;
02619349020248060001;
02619582120248060001;
02620811920248060001;
02622189820248060001;
02623011720248060001;
02625020920248060001;
02625272220248060001;
02626103820248060001;
09010500620148060001;
02936215620228060001;
00329179020248060001;
02705132720248060001;
02705748220248060001;
02706778920248060001;
02707107920248060001;
02707445420248060001;
00331014620248060001;
02800083220238060001;
02802473620238060001;
02804820320238060001;
02804872520238060001;
01798391320188060001;
01806628420188060001;
02159411020138060001;
02159844420138060001;
02163022720138060001;
09042075520128060001;
09053057520128060001;
09055100720128060001;
09056859820128060001;
09063753020128060001;
00347548320248060001;
02749155420248060001;
02750177620248060001;
02751338220248060001;
02751415920248060001;
00349375420248060001;
00349400920248060001;
02451354020228060001;
02660931320238060001;
02663547520238060001;
02664404620238060001;
00970256120068060001;
00001620920078060001;
00021489520078060001;
00041088620078060001;
00073444620078060001;
00075011920078060001;
00094065920078060001;
00098413320078060001;
00134364020078060001;
00148090920078060001;
00160537020078060001;
02687770820238060001;
02688386320238060001;
02692932820238060001;
02694708920238060001;
02595159720248060001;
02597558620248060001;
02597852420248060001;
02598311320248060001;
02598363520248060001;
04145136320008060001;
04154082420008060001;
04174808120008060001;
04205995020008060001;
04211659620008060001;
04245721320008060001;
04251731920008060001;
04256235920008060001;
04284435120008060001;
04291026020008060001;
04302726720008060001;
04310668820008060001;
01168307720188060001;
03076785120008060001;
03082969320008060001;
03093059020008060001;
03097779120008060001;
03110431620008060001;
03142181820008060001;
03155242220008060001;
00317165920078060001;
00320009620098060001;
02757821820228060001;
07972054620008060001;
10500922320008060001;
00037457020058060001;
00120929220058060001;
00135720820058060001;
00151535820058060001;
00156013120058060001;
00158715520058060001;
00167012120058060001;
00172754420058060001;
00174539020058060001;
01225833020098060001;
01296305520098060001;
01348832420098060001;
01403083220098060001;
01410973120098060001;
01439943220098060001;
02132836120238060001;
02136490320238060001;
02137053620238060001;
06794024220008060001;
06806980220008060001;
06819235720008060001;
06824908820008060001;
06884286420008060001;
06943586320008060001;
07015911420008060001;
07049697520008060001;
01699486520188060001;
01700448020188060001;
01700777020188060001;
01709731620188060001;
01694333520158060001;
01706346220158060001;
01862951320178060001;
04245548920008060001;
04251316720008060001;
04259643620108060001;
04267550520108060001;
04271249620108060001;
00429951320058060001;
02857377320228060001;
02857541220228060001;
02024386720238060001;
01731519820198060001;
03714222020008060001;
03716968120008060001;
03717054320008060001;
03761276120008060001;
03768533520008060001;
03772621120008060001;
03773383520008060001;
03779429320008060001;
03783663820008060001;
03790194020008060001;
03806233620008060001;
03814825220008060001;
03820930520008060001;
03825971120008060001;
03850524620008060001;
03851260320008060001;
03866000920008060001;
03867343620008060001;
03907312720008060001;
03915688220008060001;
03923863420008060001;
01698708120128060001;
01709386620128060001;
02532958320248060001;
00266129020248060001;
09053276520148060001;
09056879720148060001;
09062327020148060001;
02819526920238060001;
02469397220248060001;
01270702820188060001;
01272236120188060001;
00013999220188060001;
01276600520188060001;
01282091520188060001;
02672987720238060001;
02674043920238060001;
02675273720238060001;
02606764520248060001;
00290586620248060001;
00290907120248060001;
02611857320248060001;
01335096020158060001;
01344718320158060001;
01352174820158060001;
01352642220158060001;
02173861420238060001;
02253797920218060001;
00393241120078060001;
00464111820078060001;
00472305220078060001;
00473327420078060001;
00477995320078060001;
00542162220078060001;
00548329420078060001;
02728006020248060001;
00339311220248060001;
02728222120248060001;
02728611820248060001;
02729097420248060001;
02729374220248060001;
00334721020248060001;
02720107620248060001;
02347307120248060001;
02347566920248060001;
02525016220248060001;
00263573520248060001;
02012223720248060001;
02012527220248060001;
02013505720248060001;
02014337320248060001;
02016571120248060001;
02574798720218060001;
02576868620218060001;
02577275320218060001;
00316698920248060001;
00316810620248060001;
02676110420248060001;
02677029420248060001;
02677358420248060001;
00318136320248060001;
02678709620248060001;
02679116320248060001;
02024877420248060001;
02492434420248060001;
01517256420188060001;
01517533220188060001;
01521639020188060001;
01523076420188060001;
02702433720238060001;
02703594320238060001;
02703577320238060001;
02703629520238060001;
02705213820238060001;
02705352220238060001;
02706807820238060001;
02164072320218060001;
02158177520238060001;
00343157220248060001;
00343295620248060001;
00343356320248060001;
00343840720248060001;
02739290320248060001;
00344144220248060001;
02740191120248060001;
02741629720248060001;
00345261120248060001;
02070175820238060001;
02070998920238060001;
02071344920238060001;
07302288120148060001;
08316881420148060001;
00252457120008060001;
00258584720078060001;
02587670820008060001;
00259075420088060001;
00260337520068060001;
00261024420058060001;
02633313020008060001;
02639003120008060001;
00265300220008060001;
02669990920008060001;
09127463920148060001;
09131863520148060001;
09137978520148060001;
01048530620098060001;
01051536520098060001;
01052619420098060001;
01061703920098060001;
01077449720098060001;
00108416820078060001;
02693432020248060001;
02693873920248060001;
01733413220178060001;
03775483720108060001;
00633946320058060001;
06340307020008060001;
06352154620008060001;
06355714120008060001;
06371026520008060001;
06393137420008060001;
02648295820238060001;
02648746220238060001;
02649205120238060001;
02649274320238060001;
02649490420238060001;
02649360520238060001;
02392158520228060001;
02392322420228060001;
02195833920238060001;
00178528920238060001;
00327169820248060001;
02701105820248060001;
02702430320248060001;
02702517720248060001;
02702647620248060001;
02702880720248060001;
02484328420248060001;
00250443920248060001;
02074321220218060001;
02558978120238060001;
02560830720238060001;
02560700820238060001;
04205488720108060001;
04210598520108060001;
04230300820108060001;
01683176220138060001;
02352710720248060001;
02519022620248060001;
02410564720248060001;
02323487620228060001;
02866938920228060001;
01276647620178060001;
01280726720178060001;
02018656820198060001;
00693710220068060001;
06938571220008060001;
06970859220008060001;
06975397220008060001;
06978437120008060001;
06998495120008060001;
00704862420078060001;
04795829020108060001;
04795967420108060001;
04825421920108060001;
04885042320108060001;
01379617920168060001;
02001808420238060001;
02008580220238060001;
02509227920248060001;
02510535420248060001;
02100687720238060001;
02101389420238060001;
02105537720238060001;
02789046820248060001;
02789505720248060001;
02789419520248060001;
02789903920248060001;
02790086020248060001;
