02043323120248060167;
02003703520228060081;
00092650720198060167;
00012830620198060081;
00102141320248060084;
00004779220088060133;
02000859120258060160;
02000644720238060173;
02002801020248060161;
02017527320248060055;
02004667820238060028;
02003556020248060028;
02001587320238060050;
00501631620208060074;
02001585020228060069;
02000642820258060092;
00053840520188060087;
00501055120218060050;
02005864720238060182;
02006125620248060070;
00001475420148060111;
02005163320238060084;
02014305920248060053;
02001808220248060055;
00049727420158060121;
02065997320248060167;
02008137820248060157;
02055567220228060167;
00077676220138060173;
02004235720258060001;
00014650720198060173;
02009558220248060157;
02004922220248060067;
02014295720238060070;
00070494420158060028;
00505284820218060070;
02055858820238060167;
02000507020258060051;
02018705420228060173;
00103112120258060167;
00101528420208060157;
02002490420228060179;
02006540920238060081;
02024380220248060173;
00021427620198060160;
00001807320168060111;
00078960420178060084;
02003374720238060069;
02006279520248060176;
00055843920118060028;
02006394020238060081;
02003996820248060161;
02000627120258060120;
02000306520248060067;
00062182520198060167;
02002109720238060073;
02057373920238060167;
02000109420248060028;
02002086420228060073;
02000246820248060096;
02018593020248060084;
02001042120238060111;
00524627520208060167;
00069956620128060163;
02005360620248060111;
02003802720238060087;
02002252420238060087;
02066802220248060167;
02010977820248060095;
02002129020238060130;
02004898720248060028;
02002891720258060167;
02004947520248060104;
00101834320238060111;
02009852020248060157;
02000725220248060120;
00511402020208060167;
00091215420158060173;
02000826420248060163;
02017821120248060055;
02007585120248060053;
02003587120248060074;
00501643620208060127;
02001231920248060070;
02005577920248060111;
00500158220218060134;
02007071820238060298;
00600134420198060199;
00503834920218060051;
02003306320248060055;
02002844120228060121;
02000139220258060067;
00502650820208060084;
02001132620248060053;
02004031220238060074;
00124426520188060182;
00046727120128060104;
02005173420238060111;
02001988120248060127;
02000697120248060161;
02000522420258060121;
02009805920238060051;
02004139320228060073;
00002088820188060202;
02006398420248060055;
02006109320238060176;
02015687220248060167;
00100696220238060028;
02019726020238060070;
02006872720248060028;
02001047620258060070;
02039070420248060167;
02020070220238060173;
08000351220238060087;
02000654620248060157;
02001578920238060179;
02001790720238060161;
02001112720238060074;
02002070920238060182;
00104461620238060163;
02017195420238060173;
02008276220248060157;
02000618820258060087;
02012114120238060163;
02034697520248060167;
02001450320258060051;
00100751320258060121;
00124971620188060182;
02012738020248060055;
02000943420258060134;
02005051520248060069;
02002482820248060121;
00501724520208060084;
02005181220228060157;
02000256320248060028;
02000110720258060170;
02031663220228060167;
02001651920238060130;
02062507020248060167;
02009378320248060182;
02020350920248060084;
02008934220248060157;
02004206320238060069;
02000667820258060130;
02059129620248060167;
00031115020168060046;
02011474220248060051;
02009243220248060167;
00524975620218060084;
02061225020248060167;
02002614720248060179;
00500035420208060053;
02006651820238060120;
00016685120008060167;
02008562620248060121;
02051801820248060167;
02012033420238060173;
02003341820248060050;
02061080320238060167;
02007065520248060053;
02009998720228060055;
02007685920228060120;
02015344520248060055;
02000042720258060069;
02014966720248060173;
02006146720248060121;
00070457020188060167;
02000410220248060130;
02027136620248060167;
02012542920248060167;
00045751120008060163;
02010953420248060055;
02000693620238060087;
02001710320238060073;
00505743720218060070;
02018158720238060167;
00521799720218060173;
02004130720248060176;
02013162720248060084;
02000539520258060157;
02015225420228060167;
02003436520238060130;
02000543820258060074;
02000471820228060085;
02006350220248060167;
02008578620248060096;
02007440820238060084;
02005799520248060028;
02061813820248060167;
02001815820248060058;
02000033120248060084;
00011375820198060050;
02004228720238060051;
02000164720258060067;
02001171620248060101;
02050485820248060167;
02004919220238060157;
02001519320248060067;
02000616420258060095;
00702147620198060173;
02001179220238060087;
02021836220248060070;
00102150620258060167;
02006782420238060053;
02015353020248060055;
02015402820248060160;
02001828720238060087;
02005047020238060067;
02005014520248060176;
02000123020258060028;
02003377320258060167;
02066387020248060167;
02006366520238060120;
02003377420248060081;
02025282820248060070;
02006563020248060182;
02007029420248060157;
02007602220248060182;
02000506820258060084;
02003611220248060111;
02003138020238060081;
02007321420248060163;
00502150820218060161;
01016978420158060167;
02002099020248060069;
02008014920228060120;
00124801520248060167;
02002773820228060157;
02004593720248060130;
02004417320248060111;
00500384420218060161;
02044478620238060167;
02003328320238060179;
02000281520258060050;
02015840820238060055;
02007989820248060096;
00102864720248060133;
02010244420248060051;
02025890220228060055;
02010025620248060157;
02008657420248060157;
00504246520218060067;
02036048720248060167;
00516687220218060182;
02009557420248060095;
00507980420218060028;
02003908820228060028;
02007868020228060120;
02012740820238060053;
00101593720248060157;
02000735820258060134;
02001352520238060084;
02008024920248060157;
02003093020248060074;
02007658920248060070;
02004328420248060120;
00518583820218060084;
02002111720238060127;
02004162520238060134;
02003538220248060160;
02001965420258060167;
02004935520248060051;
02005015420248060173;
02007675920248060070;
02009175220228060121;
02001008920238060173;
00453604620138060167;
00103966220248060160;
02006939420238060084;
02003605820248060133;
00100136020258060092;
02003478620228060179;
02003535920238060179;
02002679320248060069;
02043205120238060167;
02045961920228060167;
02003326620238060120;
02017302520238060160;
02038179320248060167;
02031723920228060167;
02011966020238060167;
02004230420228060182;
02006560620228060051;
00041742120178060129;
02000686320248060104;
02066871420248060167;
08000391320248060120;
02010778720248060095;
02002616820228060130;
00100435220258060074;
00102818320258060167;
02001162220258060028;
02062475220238060167;
02017681620238060070;
02004628720228060121;
02001903620238060161;
02007059720238060120;
02004056520238060111;
02013205520238060163;
00504270220218060073;
00015354620098060182;
02000150220258060087;
00013606820078060167;
02002413120248060058;
02000116820258060182;
02002116620248060067;
02005854020248060081;
02007337320238060182;
02004449520248060121;
02004035320258060167;
02008599420248060051;
02017893720248060173;
02005690320238060120;
02001506520258060070;
02000155620258060069;
00032414220198060173;
02000611320238060070;
02008127520248060163;
00511194420208060167;
02000358620238060111;
00106351420158060053;
02007097720248060160;
02008717220248060160;
00011337120038060053;
00004003020198060123;
02049288320228060167;
02004159320228060160;
02008330620248060081;
02000505720258060120;
02000331620258060057;
02007395720258060167;
02007265820258060167;
02006890920248060121;
02006915020228060120;
02001850720258060173;
02468614920228060001;
02000120720238060123;
00005923320188060111;
02004024120248060058;
02001142820258060133;
00012658820198060176;
01160925520198060001;
02001185320238060095;
02001271020248060053;
02004269220228060170;
02000132020248060070;
02060567020248060167;
02004013820248060161;
00084470920188060129;
02009215920238060055;
02001011220248060053;
00515485620218060173;
02044431520248060167;
02000303620258060130;
02000054520258060058;
02018622720248060167;
02015159120248060167;
00003751320008060081;
02005542720248060111;
00519453620218060167;
02016201620248060055;
02002020920258060055;
02004098620238060084;
02001652320248060182;
02002853920238060073;
02000893220258060095;
02009323920248060157;
02008457920228060084;
02002720320238060053;
02004931220248060130;
02012024920238060173;
02001393020238060127;
00016307220198060070;
00084544720198060167;
00514706920208060182;
00204389620178060070;
02014803420248060167;
02004630420248060121;
02001130620248060092;
02024737720248060070;
02005667020248060069;
00032998320078060167;
08000917920228060087;
00500496220208060079;
02002229420238060111;
02004711820238060120;
02002353220248060120;
02013145320248060053;
02014128420248060070;
02001701620248060127;
02002034020238060127;
00097134320188060028;
02005568820238060092;
02014808520248060053;
02003536820228060058;
02002565520238060051;
02064028920228060167;
00504984920218060058;
02000780220258060160;
00051534220178060077;
00700252420168060167;
02003485720248060161;
02004512820248060173;
02004281520248060163;
00455042020138060167;
00005522720198060140;
02018055420248060055;
00104621520238060051;
00076994920128060173;
00101328720258060070;
02006457620248060157;
02029015920248060167;
02066421020248060167;
02004704620238060051;
02003316620258060070;
00096991720158060173;
02004197020248060028;
02020668720228060055;
02000434420238060182;
02058912320248060167;
02007161520248060081;
02008153020248060163;
00036848420118060104;
00502834620218060067;
02047235420228060167;
02000793620258060176;
02004927620238060028;
02005725620238060055;
02005952020228060028;
02005339220228060120;
02007671920248060051;
02024086420248060173;
02002026820248060176;
00565173520218060167;
02003843620248060182;
02004673020248060157;
00037833320198060182;
02000636420258060182;
02002400520248060104;
02006711720248060176;
02004503220228060070;
02001596320248060134;
01770111020198060001;
02017263020248060167;
00024942520008060055;
02003989620248060092;
02000450520258060130;
02017352620238060070;
02003813620238060176;
00512596220218060161;
02000353920258060104;
02008431220228060084;
02007009420228060028;
00025065920108060129;
02002459520238060028;
00504178520218060160;
02006113720258060167;
02005443920248060157;
02000104520258060130;
02000069120228060104;
02020208220248060070;
02000518320258060074;
02047527020238060167;
02000287120258060096;
02012343820248060167;
00500116420218060160;
02013532720228060051;
00503657020218060134;
02003147320248060067;
02007104120248060167;
02001127520248060074;
00509664120218060081;
02005984020238060092;
00064831720118060164;
02001441820258060051;
02002039120258060055;
02000263120258060087;
02003765520238060130;
02003402820258060070;
02005878920238060163;
02013921720248060160;
00025243020198060173;
02005857420228060157;
02004577120248060161;
02015969020228060173;
02054949520238060167;
02020488420238060167;
00127408320108060070;
00027067920198060055;
02011560420248060051;
02004240520238060133;
00055569220198060092;
02004629120238060173;
00010549620198060129;
02012967020238060084;
00502905120208060074;
00500490920218060053;
00026722820168060082;
02003350620258060070;
00066737320088060167;
02003524220258060070;
02003692920248060130;
02065042220258060001;
02026105920248060070;
00504001620218060074;
02001051520258060053;
02000523820258060084;
00027023120188060167;
00004661420188060133;
02057356920238060167;
02006801820248060163;
02007510920238060081;
02007280620248060121;
02005000420248060130;
02002355120258060070;
02005635220238060069;
02006872120228060182;
