02004366520248060074;
02065359720238060167;
00096628720158060173;
02006816120228060037;
02001190520258060051;
02006611220248060163;
02001309720228060161;
00016777520198060028;
00059969120188060167;
02063347120248060167;
02008972020228060070;
02020377620248060084;
02020157620238060173;
02015167620248060070;
02001606920248060127;
02060636220248060167;
02003306020228060111;
00010480520198060157;
02025242520238060167;
02010962920248060084;
02049801120248060167;
02018834820248060055;
00068563420128060028;
02023342820248060167;
02057417620238060167;
02000508320258060176;
02009939420248060157;
02001290720238060120;
02000275620238060161;
02064998920228060167;
02002231620228060111;
02011543420248060051;
02001678120238060067;
02004271020238060084;
00190171920178060055;
02020471820228060173;
02054547920248060167;
02006626020238060121;
02001643120258060173;
02005298520248060055;
00503182620218060028;
02000905520228060084;
02001198120248060134;
02000046020258060058;
02002429220228060120;
02000935220258060133;
00032429720198060182;
02018718620248060070;
02023324020248060173;
02040222520248060167;
00107462920248060070;
02000416320258060163;
02018896520248060084;
02008807720248060081;
02007848720228060160;
00011910820198060120;
02004157520228060069;
02002623420258060070;
00060465420158060028;
02036013520248060167;
