02003389520248060069;
02003570420248060069;
02004039020248060069;
02004047520248060069;
02004099720248060069;
02004142220248060069;
02004280620248060069;
02004627820248060069;
02004800220248060069;
02004826920248060069;
02004879120248060069;
02005069720248060069;
02005078220248060069;
02005407220248060069;
02005432720248060069;
02005571120248060069;
02005658520248060069;
02005719220248060069;
02005736220248060069;
02005753220248060069;
02005761720248060069;
00003407920068060069;
00002807220078060069;
00010566720108060069;
00010450420118060069;
00012988920118060069;
00011037020128060069;
00015679420128060069;
00011596920138060069;
00012445520138060069;
00012644620138060069;
00013346320138060069;
00013493220138060069;
00013822220138060069;
00014576120138060069;
00016369220138060069;
00016819620138060069;
00017771420138060069;
00011853320148060069;
00015542720148060069;
00016019820148060069;
00017023820148060069;
00018175920148060069;
00019328020148060069;
00011755220158060069;
00012785920158060069;
00012838120158060069;
00012932820158060069;
00013452420158060069;
00014491620158060069;
00015002720158060069;
00015011220158060069;
00015825820158060069;
02010393220228060035;
02010531620228060035;
00107219220228060035;
02013433120228060035;
00500797920208060182;
00101536020248060050;
02002753020248060050;
02002857420248060050;
02003048020248060050;
02003056520248060050;
02003065020248060050;
02003090520248060050;
00019400820008060050;
00008857520078060050;
00003415320088060050;
00035083920128060050;
00035591620138060050;
00041342420138060050;
00148353020168060053;
00149618020168060053;
00149817120168060053;
02006424820238060128;
02009005820238060128;
01692364120198060001;
01699231820198060001;
01699717420198060001;
02669797520248060001;
02670550220248060001;
02671538420248060001;
02672490220248060001;
02673434720248060001;
01787428020158060001;
01804758120158060001;
02402943120248060001;
02403766220248060001;
01996770520198060001;
02601499820218060001;
02603733620218060001;
02604747320218060001;
02605449020218060001;
02609588820218060001;
02610818620218060001;
00104694020248060158;
02012692520248060158;
02013186620248060158;
02013524120248060158;
02013731720248060158;
00105456420248060158;
02014052220248060158;
02014139620248060158;
02014659220248060158;
02015091420248060158;
02015143620248060158;
02015767620248060158;
02000478520258060158;
02012405020238060112;
00105982320238060112;
02018987420238060112;
02019930720238060112;
02005810720248060112;
02005862920248060112;
02012818020248060112;
02535763920248060001;
02536959720248060001;
06212596220208060000;
00267782520248060001;
02000189620238060128;
02002389420238060128;
00014035720188060122;
02013378120228060113;
02010360320238060113;
00056373520158060107;
00056901620158060107;
00059344220158060107;
00059413420158060107;
00067805920158060107;
00086431620168060107;
02005619120238060066;
02006207920238060066;
02007930620238060066;
02008961320238060066;
02009585320238060066;
00322123620128060091;
00283632220138060091;
00305032920138060091;
00307484020138060091;
00285231320148060091;
00485311120148060091;
00490343220148060091;
00490732920148060091;
00164710420118060151;
00163626820178060154;
02002789420248060143;
02003412220248060143;
02004243820248060143;
02004572820248060143;
08000036220258060143;
00000426920008060143;
00018969820008060143;
00020329520008060143;
00030522420008060143;
00002308620058060143;
00005422820068060143;
02008004520238060115;
02008411220238060115;
00105549220238060115;
00105583220238060115;
00106042120238060115;
00008355220198060107;
02001286120248060031;
02005568520228060169;
02001104820238060169;
02004127720238060169;
02004379020238060169;
02004699520238060169;
02000954520248060169;
02002245020248060169;
02003102120248060169;
00601855820168060112;
00610715720168060112;
00620537120168060112;
00632765920168060112;
00645592020168060112;
00657059620168060112;
00092763520168060169;
00097041720168060169;
00092535520178060169;
00095298620178060169;
00022328420008060052;
00002091920108060052;
00079911320188060112;
00084536720188060112;
00090434420188060112;
00084079320188060107;
00004200320188060108;
00002359620188060129;
00008756520198060129;
00008765020198060129;
00008790520198060129;
00008825720198060129;
00008869420198060129;
00008877920198060129;
00008955620198060129;
00008981120198060129;
00008999320198060129;
00550763420148060112;
00554167520148060112;
00560706220148060112;
00566257920148060112;
00571531620148060112;
00586376620148060112;
00589303620148060112;
00591096720148060112;
00971429220158060112;
00502640420168060071;
00517294820168060071;
00526760520168060071;
00530380720168060071;
00469311020178060071;
00534498220208060112;
00048742920098060112;
00083004920098060112;
00013741820108060112;
00289213320108060112;
00300532820108060112;
00302525020108060112;
02007937720238060107;
02039077220248060112;
02039215620248060112;
02040133420248060112;
02040644520248060112;
02041164120248060112;
02044576720248060112;
00113332220248060112;
00050087020198060091;
00053160920198060091;
00053179120198060091;
00053187620198060091;
00053204620198060091;
00053663520198060091;
00056998420198060091;
00058037620198060091;
00059215220198060091;
00059804020198060091;
00061969820198060091;
01200039620198060091;
00062826920198060091;
00067105120198060091;
00068343420198060091;
02007184420248060029;
02007366520248060029;
02009298020248060029;
02001650520248060091;
00040062420008060126;
00001183220098060126;
00051516620108060126;
00063196920118060126;
02011547720248060166;
02012327120248060166;
02001398820238060043;
00100787620238060043;
00102935220238060043;
02010673920238060043;
02003531920248060181;
08000063420248060181;
02003887620248060181;
08000107120248060181;
02004372020248060181;
08000124120248060181;
02005299520248060181;
02005394220248060181;
02005515620248060181;
02005610320248060181;
02005913820248060181;
00503780420218060091;
00504230820218060091;
00506491320218060091;
00506717120218060091;
00506950220218060091;
00511956820218060091;
00001099720178060091;
02011470520248060031;
02012856920248060031;
00101515020248060031;
00100990420248060177;
02002615320248060177;
00027333120128060177;
00025058520148060177;
00027612820148060177;
00028700820158060177;
00037783120168060177;
02002363820248060113;
00465033420158060221;
30010018420168060221;
30000413120168060221;
30013909820188060221;
00116099720218060293;
02002114220238060054;
02003274820238060054;
02001006120248060171;
02003318820248060171;
02003717020248060171;
02003734020248060171;
02007713620238060166;
02009324620238060166;
00197058620148060151;
00183969320158060151;
00203828220158060151;
00204364820158060151;
00204901420158060151;
02005922420228060171;
02009230620228060171;
02012184320228060171;
00006971020138060200;
00007976220138060200;
00010582720138060200;
00011925420138060200;
00001639520158060200;
02006615920248060115;
02009915620248060115;
00103865620248060115;
00104150920248060115;
02011076220248060115;
02011170920248060115;
02011283820248060115;
00037598820158060135;
00101603120188060028;
00001728020188060029;
00288732820248060001;
02601923020248060001;
02602754620248060001;
02604244220248060001;
02604547720248060001;
02605327120248060001;
00290266120248060001;
02013530420228060091;
02014561120228060091;
02016310520228060091;
02019056620228060091;
00117109620158060115;
00146907920168060115;
00149488920168060115;
00154000220168060115;
00157161520168060115;
02040413120248060167;
02041513020248060167;
02042041120248060167;
02042258420248060167;
02042778020248060167;
02043011120248060167;
02043107020248060167;
02043306120248060167;
02043582920248060167;
02043565920248060167;
02043574420248060167;
02043513720248060167;
02043739520248060167;
02044050320248060167;
02044622120248060167;
02335871820228060001;
02013505220228060090;
02003420620238060090;
00009767620198060073;
00502697820208060073;
00066499620188060166;
00027640820178060167;
00006298620188060167;
00032228820188060167;
02001042920248060097;
02009150720248060091;
00077250620188060054;
00005453320188060055;
00010517220198060055;
02010114920238060158;
02011388420238060158;
02012557520238060158;
02013553020238060158;
02015017120238060158;
02040883620238060071;
02041897320238060071;
01459443720138060001;
01475596220138060001;
01479987320138060001;
01491470720138060001;
00096303220198060112;
00004433020008060091;
00006961820008060091;
00023711620008060091;
00050655520008060091;
00009865720058060091;
02003641820248060094;
00019390220118060094;
00023321920148060094;
02011121320248060171;
02012109520248060171;
00245886420108060071;
02027791720238060091;
02705003320218060001;
02708684220218060001;
02177229620158060001;
02181013720158060001;
02187717520158060001;
00501865720218060031;
00502645120218060031;
00502792020218060031;
00102087320218060031;
00506091720218060031;
00006255720098060040;
00006507020098060040;
00025086820118060040;
00032009620138060040;
00033290420138060040;
00039656720138060040;
00029710520148060040;
00036994620148060040;
00038700320148060040;
00035700720158060040;
00142679720248060064;
02004816720248060107;
02006011320248060107;
02006029520248060107;
02009138620248060107;
00036378720008060107;
00042908920008060107;
00000154820108060107;
02002304720248060043;
00101580620248060043;
00101762720248060043;
00101997020248060043;
02031091420248060112;
02017335120238060298;
00100915220248060298;
02031674120248060298;
02036429420248060298;
02050380920248060298;
02055456720248060298;
02012216520238060299;
02014563220238060299;
02012533620248060299;
02016864020248060299;
02068793320248060300;
02011072320238060301;
02006513920248060301;
02016404520248060301;
02000688520238060302;
02008205420238060303;
02011781920238060303;
02013176820238060303;
02013185320238060303;
02002694020248060303;
02008193520248060303;
02011753020248060303;
02012628320248060303;
02014074220248060303;
02025428920248060303;
00102143520248060303;
02027602020248060303;
00138433120138060035;
00001026320088060013;
00007893420138060023;
00004947320128060009;
00006067620078060022;
01069808220078060001;
01172616320088060001;
02030430520228060112;
02039983620228060112;
02064242120228060112;
02065195120228060112;
02069663920228060112;
02004988720238060059;
02001425820248060059;
05776624120008060001;
05778936820008060001;
05813718420008060001;
05852613120008060001;
05891509020008060001;
05899208320008060001;
05904179720008060001;
05908916820008060001;
05924107820008060001;
05995385220008060001;
02004084920228060145;
02000046120238060145;
02003744020238060145;
02004670320238060145;
02004757720238060145;
02004783220238060145;
02005155920238060145;
02000042720248060145;
02000069420248060145;
02000241820248060145;
02000311020248060145;
02000148220248060109;
00002894520068060109;
00025409420108060109;
00031456920128060109;
00032028720128060109;
00033226220148060109;
00031352020158060109;
00036981420158060109;
00037016620158060109;
00040879620158060109;
02003538120248060031;
02003580620248060031;
02003927820248060031;
02004031020248060031;
02004343020248060031;
02005036220248060031;
