00528374220218060167;
00529794620218060167;
00532271220218060167;
00533458520218060167;
00534202720218060167;
00535371820218060167;
02006682620168060117;
02014182820168060117;
00044986120148060114;
00481685220148060114;
00484274720148060114;
00486353120148060114;
00490120220148060114;
00035749120108060178;
00039781120118060178;
00049565120128060178;
00042881220148060178;
00054111120158060178;
01499865620188060001;
01505928420188060001;
01510709220188060001;
01033212120148060001;
06660874420008060001;
06664251820008060001;
00666740820068060001;
06675468120008060001;
06699224020008060001;
06710899220008060001;
01582682020178060001;
01583037720178060001;
02001428820258060167;
02001445820258060167;
02002493520258060167;
02003983120258060167;
00102619220258060167;
02005221420258060167;
00018036320008060167;
00085789420008060167;
00097645520008060167;
00190999820008060167;
00216817120008060167;
00218185320008060167;
00022239720028060167;
00538701420148060167;
00002056920038060167;
00021708220038060167;
00040475720038060167;
00053337020038060167;
02046017020248060167;
02046727220248060167;
02047064720248060167;
02047229820248060167;
02048554320248060167;
02049109120248060167;
02049239020248060167;
02049256020248060167;
02049568020248060167;
02050676420248060167;
02050936220248060167;
02051464320248060167;
06525949720008060001;
06536567520008060001;
00656547920068060001;
06573383820008060001;
00659017020008060001;
02038338120238060167;
02040450520238060167;
02044409420238060167;
02046808320238060167;
00042226920038060064;
00059427120038060064;
00072651420038060064;
00044978120048060064;
02010104120248060122;
02010476820248060122;
02011021920248060122;
02012953420248060122;
02012961920248060122;
02012970420248060122;
02012997120248060122;
02013161020248060122;
01001183220068060001;
01019527020068060001;
00109602420108060001;
01140516720098060001;
00100976420168060096;
00106689820178060096;
00112587520178060096;
02015000420258060001;
02015745820258060001;
00106716620258060001;
00106811320258060001;
00106846520258060001;
02019097720258060001;
00108933420258060001;
00109920420258060001;
02024588720258060001;
00111713520258060001;
02029351320258060001;
02029671820258060001;
02029776220258060001;
02029889120258060001;
02030027520258060001;
00115385920258060001;
02030624820258060001;
00116442120258060001;
02034366420258060001;
02035032920258060001;
02037068820258060001;
02037492520258060001;
02040965820258060001;
02042637520258060001;
02043676720258060001;
02044828820258060001;
00124340520258060001;
00125969720258060001;
00126064420258060001;
02048430820258060001;
00126116620258060001;
00126168820258060001;
00126194320258060001;
00126263520258060001;
00126298720258060001;
02048725820258060001;
02048734320258060001;
02050215420258060001;
00127199520258060001;
00127225020258060001;
00127484820258060001;
00127501820258060001;
02052545120258060001;
02052761220258060001;
02053229820258060001;
02054139120258060001;
02057126820258060001;
00131243420258060001;
00131251920258060001;
00131520220258060001;
02058348120258060001;
02058547220258060001;
02058884720258060001;
00132542420258060001;
02060617120258060001;
02061933120258060001;
00133556120258060001;
00133642320258060001;
00133910620258060001;
00135400220258060001;
00135825120258060001;
00136015720258060001;
00136587520258060001;
02066315720258060001;
00136942020258060001;
00137323220258060001;
02067571020258060001;
02067623220258060001;
00137618220258060001;
02068255720258060001;
02071503220258060001;
02071953620258060001;
02072014320258060001;
02073357020258060001;
00141316120258060001;
02075331020258060001;
02076319220258060001;
00142822720258060001;
02078588220258060001;
02079878720258060001;
02084035520258060001;
02084615820258060001;
02086711220258060001;
00150140820258060001;
00150695620258060001;
00005239520098060117;
00034989020098060117;
00050266220098060117;
00054353820098060117;
00062096820098060117;
00004205420108060117;
00245995220108060117;
02032825620198060001;
02036921720198060001;
01945419520178060001;
01956617620178060001;
00143603920138060034;
00162588720138060034;
00521068020208060167;
00527927220208060167;
00529079320208060167;
02142533220218060001;
00742904420008060001;
00744817920068060001;
00745389220098060001;
01795302620178060001;
01795501720178060001;
01796576120178060001;
01796532420178060001;
01800837320178060001;
00114476320208060091;
02726882820238060001;
02730892720238060001;
00389864120248060001;
00389899320248060001;
00390046220248060001;
00390071720248060001;
00390167620248060001;
00390331520248060001;
02853439520248060001;
00391319720248060001;
00391717920248060001;
00392306720248060001;
02859371220248060001;
02859804620248060001;
00393830320248060001;
02860896020248060001;
02861424120248060001;
00394791820248060001;
00394835520248060001;
00394956920248060001;
02862220520248060001;
02862541020248060001;
02863311920248060001;
02864005120248060001;
02864464020248060001;
00398160720248060001;
02868708220248060001;
00398507920248060001;
02870977220248060001;
00401409420248060001;
02874077820248060001;
00402006720248060001;
00402015220248060001;
00403504820248060001;
02879516620248060001;
02879585820248060001;
00983628420158060158;
00990314020158060158;
00206984020168060158;
00211461320168060158;
06346550720008060001;
06362045220008060001;
06510109220008060001;
06519721820008060001;
06527447820008060001;
00105827320248060164;
02006759020248060164;
00107914220248060164;
02008456220248060164;
00108728820248060164;
00007480820088060164;
00007625520098060164;
00008872320098060164;
00015238620098060164;
00000641520108060164;
00061229720118060164;
00068703220118060164;
02006009720248060181;
00102436320248060181;
02006745420248060181;
02007611020248060181;
02007949720248060181;
02007958220248060181;
02008130620248060181;
02008174320248060181;
02008356420248060181;
02008469320248060181;
02008520320248060181;
02008555520248060181;
02008572520248060181;
02008607720248060181;
02008624720248060181;
02008633220248060181;
02008641720248060181;
02008823820248060181;
02000186320258060181;
02000350220258060181;
02000523820258060181;
00700373720198060101;
00702010220198060101;
00500481120208060101;
00507419220208060101;
02218023020208060001;
01876976120198060001;
00502842620218060101;
00503917020218060101;
00506783320218060101;
00512058220218060101;
00287468620078060001;
01209270420108060001;
01213514620108060001;
01213860620108060001;
00450708320128060064;
00362893820138060064;
01664119520178060001;
01665106520178060001;
01666449220178060001;
00605203020188060202;
00002856320198060202;
00000175320128060202;
00000548020128060202;
00004046820128060202;
00004757020128060202;
00004782520128060202;
00004817720128060202;
00005398020128060202;
00000137920138060202;
00000154920138060202;
00000337020138060202;
00000925820138060202;
00000264420148060202;
00000272920148060202;
00000472020148060202;
00001148220148060202;
00001701820148060202;
00001996820148060202;
00000088620158060202;
00001509020158060202;
00001872020158060202;
02579036620208060001;
00405323420248060001;
02880581320248060001;
00405384120248060001;
02882443620248060001;
02885709320248060001;
02882391420248060001;
02894309420248060001;
02002511820258060001;
02004669120258060001;
00100922120258060001;
02005032120258060001;
02008886620258060001;
02003794320238060119;
02006400820238060119;
05044015720118060001;
05055058420118060001;
05058808520118060001;
05083040320118060001;
05111603720118060001;
05115839420118060001;
08356720620148060001;
08375194320148060001;
02505434620218060001;
02508595920218060001;
00102891820248060160;
02014692620248060160;
02015255920248060160;
08000057820258060160;
00507559820208060126;
01047164820148060001;
01050776520148060001;
02010155720248060124;
02864862720218060001;
02868552120218060001;
02037952420228060064;
02040005320228060064;
01633868420118060001;
01637436420118060001;
02357328120218060001;
02359172220218060001;
01741031920158060001;
01745232420158060001;
00698555220168060167;
00699152520168060167;
00700443020168060167;
00702288320168060167;
00711996820168060167;
00724173420168060167;
00728321720168060167;
05191965420008060001;
00052281420008060001;
05229621820008060001;
00052319020058060001;
05247731320008060001;
02010534920248060163;
02010621120248060163;
02010907620248060163;
02011167420248060163;
02011175920248060163;
02011452720248060163;
02011660320248060163;
02011790220248060163;
02011808420248060163;
02011816920248060163;
02011825420248060163;
02011842420248060163;
02012033020248060163;
02012206620248060163;
02012215120248060163;
02012223620248060163;
02000381120258060163;
00017803220008060163;
00019145920008060163;
00008059720068060163;
00005689220088060163;
00005827620088060163;
00007902620098060163;
02211960320008060001;
02243468920008060001;
02243494420008060001;
02264115720008060001;
02272715820008060001;
02310996220008060001;
02359972120008060001;
02401673620008060001;
02415228120008060001;
02437754220008060001;
02484167320008060001;
02488367820008060001;
02511327320008060001;
02522837420008060001;
02528630720008060001;
02541007620008060001;
02549685420008060001;
02574827720008060001;
02590174120008060001;
02599008520008060001;
02620304820008060001;
02629883420008060001;
02649040620008060001;
02532285520238060001;
02532528320238060001;
02532891320238060001;
02533081920238060001;
02534294720238060001;
02537100320238060001;
02538755020238060001;
02538989320238060001;
02539092520238060001;
02539101020238060001;
00354701320248060001;
00354728020248060001;
02768832220248060001;
00356502920248060001;
00356615820248060001;
05624455520008060001;
00565621420058060001;
05701293120008060001;
05727267020008060001;
01745264220168060001;
01750036520168060001;
01750998020168060001;
01755259220168060001;
01764136120168060001;
02055596920248060001;
02056254920248060001;
02056843720248060001;
02060463920248060001;
02062378420248060001;
05520386720128060001;
09057725420128060001;
09036238520128060001;
09093667620128060001;
01827916220188060001;
01764401020178060001;
01766341020178060001;
01769745120178060001;
01772550720178060001;
00336696220248060001;
00337241320248060001;
00337484120248060001;
02723285920248060001;
02300629120238060001;
02301867420238060001;
01745717520188060001;
01748878820188060001;
01749752920188060001;
03969574820008060001;
00893178620088060001;
00966595120088060001;
01018447020088060001;
01026873520088060001;
01070186020088060001;
01081618420088060001;
01085905120088060001;
01100905520088060001;
01110492620088060001;
01112042920088060001;
02240860620238060001;
02242489820238060001;
02245745820238060001;
08943440720148060001;
01413446520168060001;
01420427120168060001;
01427667520168060001;
01429789620168060001;
02252377020248060001;
02193530220208060001;
01109567720198060001;
01110182020198060001;
01111499220198060001;
01112884420198060001;
02152752320248060001;
02153818220248060001;
02154848920248060001;
02155922120248060001;
02156294820248060001;
02159274020248060001;
05215913320118060001;
05208326920118060001;
05221707820118060001;
05225033020118060001;
