00503545420218060162;
00504056520218060162;
02002131320228060162;
00002871320068060162;
00001217320098060162;
00018630220108060162;
00022420620118060162;
00025077120128060162;
00027109620138060162;
00502393020218060163;
00503675020218060163;
00515124420218060163;
00515228820218060163;
00084543020178060163;
00084932720178060163;
00024743120198060164;
00072083520138060164;
00074075720138060164;
00076110420138060164;
00077002720138060164;
00079757320138060164;
00083844920138060164;
00071595720148060164;
00072029120148060164;
00083391120148060164;
00086397020148060164;
00088951320148060164;
00090111920148060164;
00083674220158060164;
00089728520158060164;
00089823220158060164;
00120183120198060168;
00501075520218060168;
00502062520218060168;
00103513920218060168;
00515954520218060168;
00037323520178060168;
00000780320188060169;
00003093020188060169;
00002171820198060169;
00101254720208060175;
00506689220208060175;
00134203420168060175;
00132823320178060175;
00133897720178060175;
00122514120188060175;
00004580520188060176;
00005256720188060176;
00508767320208060176;
02800094520218060176;
02006983420238060176;
02000199720248060176;
00500227620208060177;
00502069520218060177;
02002266420228060177;
02002465520228060177;
02003305620228060177;
00501713520218060178;
00501765720218060178;
00504684220218060178;
00073439720168060178;
00062142320178060178;
00069451920178060178;
02001919820228060179;
00009447220188060181;
00012223920198060181;
00012917120198060181;
00057363520198060181;
00500209420208060181;
00501213420208060181;
00503332120218060181;
02000931020228060181;
02001148320228060181;
02002282220228060181;
02003088320228060181;
00109241420168060181;
00111996020168060181;
00113571820168060181;
00102414020178060181;
00106440920178060181;
00106891320178060181;
00110312420178060181;
00003245720188060182;
00038344420198060182;
00500133620198060182;
00080632320148060182;
00082278520148060182;
00083022720148060182;
00083395420148060182;
00085586720148060182;
00089319820148060182;
00092462920148060182;
00094333720148060182;
00082214420158060182;
00124069120168060182;
00125263720168060182;
00125454320168060182;
00126017620168060182;
00118245720178060182;
00121493220178060182;
00132934120178060182;
00133488920178060182;
00135827120178060182;
00141049820178060182;
00007864120008060183;
00007037020158060192;
00001439020138060195;
00003932620138060195;
00003707520168060195;
00006130420168060200;
00000604820168060202;
00000246920178060202;
00000263920178060202;
00000498220178060202;
00000688820178060202;
00001502220178060202;
00001762020178060202;
00003087720178060202;
00003234620178060202;
00000928220188060202;
00001118820188060202;
00001404120188060202;
00001490320188060202;
00002192020188060202;
00002218720188060202;
00105843320188060203;
00006268620198060203;
00007394020198060203;
00001081220188060210;
00002692420158060211;
00002066220168060211;
00004489820198060216;
00004030720138060216;
00007564720138060216;
00008829720138060216;
00009894420138060216;
00000791920108060217;
00172884720228060001;
02219039620228060001;
02348606620218060001;
02060225020208060001;
02293390920228060001;
02517481320218060001;
02544003720208060001;
00101887620228060054;
00102208120228060054;
00101531920228060054;
00102242120228060054;
00102623320228060054;
00102225120228060054;
00102216620228060054;
00102233620228060054;
00101661820228060054;
00101879120228060054;
00102761720228060054;
00102753220228060054;
00102770220228060054;
00102805420228060054;
00102788420228060054;
00102830920228060054;
00102857620228060054;
00102874620228060054;
02739181320208060001;
02739666920208060001;
02740584720208060001;
02741043620208060001;
02180069420218060001;
02704082120228060001;
02224978120208060001;
02234349120208060001;
02470728520228060001;
02475058920228060001;
02475249520228060001;
02475379420228060001;
00345042620198060001;
01546994020198060001;
02149459420228060001;
02153096620228060001;
02642626120228060001;
02650308420228060001;
01149322920188060001;
04002509320188060001;
02740474720228060001;
02742337020228060001;
02742579820228060001;
01607921920198060001;
01608476720198060001;
01610433720198060001;
02659620920218060001;
02659803020218060001;
01301688420198060001;
01311682220198060001;
01312141120198060001;
01318870420198060001;
01667940520198060001;
01668244020198060001;
01668832820198060001;
01709301620178060001;
01710688020178060001;
01712471420178060001;
01712896320178060001;
01741793820188060001;
02385729820208060001;
02389687520208060001;
01794161920198060001;
01794300320198060001;
02580927320228060001;
02586167020228060001;
06000616320208060001;
02009179220208060001;
02093311120228060001;
02514862920228060001;
02715981920228060001;
01403682420178060001;
01406939620178060001;
02776693720228060001;
02765279520228060001;
01480107720198060001;
01837758020178060001;
01844521320178060001;
01847760320178060001;
02359974920228060001;
02737593620218060001;
01490656320198060001;
02128295220218060001;
02097791820218060001;
01531327120198060001;
02214200320218060001;
02261505720218060001;
02266087420218060001;
02268884520218060001;
02127711520228060001;
02127989520228060001;
02577847120218060001;
04084384120198060001;
04084488520198060001;
02635183720208060001;
02643888220208060001;
02647854420208060001;
02457688520218060001;
00003025420188060099;
02292488420208060001;
02625157620228060001;
01625599220198060001;
02001072720228060073;
02001081220228060073;
02001246320228060073;
02001453920228060073;
02001583820228060073;
02002250320228060073;
02001900920238060073;
02002005320238060073;
02002022320238060073;
02002481220238060073;
02002715520238060073;
02003970820238060073;
00113288320178060099;
02564523520228060001;
02565095320228060001;
02566905420228060001;
02570066720228060001;
01651173720198060001;
01652135220198060001;
01450825620198060001;
01452340720198060001;
01453752620198060001;
02497914020228060001;
02500832520228060001;
02875861720218060001;
01543207020178060001;
01543267720178060001;
02540568520228060001;
02546786720228060001;
01010795020188060001;
01027016720188060001;
01028843820188060001;
01686751720198060001;
02596508020228060001;
02596983920228060001;
02599106020228060001;
02186778320228060001;
01251338020188060001;
01251883120188060001;
01252454920188060001;
02693273720228060001;
02613656020228060001;
02614504620228060001;
01321532520188060001;
01323195720188060001;
01332895720188060001;
01768820520198060001;
01774398920198060001;
01776996920198060001;
02057026320218060001;
02683963420228060001;
02457260220228060001;
02458724320228060001;
01858338520198060001;
01859117920198060001;
01589122620188060001;
01591963420188060001;
01593314620188060001;
01593565920188060001;
02356221920208060001;
02357174920208060001;
01209673920178060001;
01212818220178060001;
01213805220178060001;
01215450220178060001;
01895897320178060001;
01907034720178060001;
01908507320178060001;
01913296620178060001;
01556382520168060001;
01564393820168060001;
02380997820218060001;
01377642220198060001;
01388060920198060001;
01390061620198060001;
01390624920198060001;
00286695720198060001;
01939012420198060001;
02403867720228060001;
02406941620228060001;
02481964020218060001;
02482890320218060001;
02011979720198060001;
02422043520208060001;
04234315620008060001;
04280936320008060001;
04792187020008060001;
05486221420008060001;
00055080920058060001;
00056501320058060001;
01909307120168060001;
02589394620208060001;
02596999220208060001;
02032779720208060001;
02033039520208060001;
02550617920218060001;
02613408120218060001;
02618907620218060001;
01476805120178060001;
01478034920178060001;
01485249820178060001;
01488531320178060001;
00135248420218060293;
00137794220218060293;
00152482620218060293;
00157307120218060293;
02015312620228060293;
02026051820228060293;
02026935620228060293;
02055559720228060293;
02075736520208060001;
02076369020208060001;
02081617220208060001;
02082379620208060001;
01810854920158060001;
01849759320158060001;
01854695520158060001;
01885111020188060001;
01885232420188060001;
01885293120188060001;
05980895920008060001;
06122281620008060001;
06128950220008060001;
06160432120008060001;
06168876820008060001;
00622884220008060001;
00062359420078060001;
06274242620008060001;
06373970520008060001;
06394790920008060001;
06424039020008060001;
06431158020008060001;
06480558820008060001;
02803069220218060001;
02804731220218060001;
01604715220178060001;
01611678820178060001;
02238188320228060001;
02848554820218060001;
02849472620218060001;
02849455620218060001;
02850919720218060001;
02855344820218060001;
02028548420138060001;
02240928120218060001;
01114998020198060001;
01117509820198060001;
01122211720198060001;
01122827220198060001;
01123537420198060001;
01126837120198060001;
01129010220198060001;
01132881720198060001;
01138295020198060001;
01139585520198060001;
02274719320228060001;
01455808920188060001;
01473233720188060001;
01475156720188060001;
01476022320188060001;
02107410720228060001;
02108891820228060001;
02495677320208060001;
02500154620208060001;
02500353720208060001;
02503592720208060001;
02309863920228060001;
02310071520228060001;
02310349520228060001;
02310903120228060001;
02314462620228060001;
02315415620228060001;
01132524320178060001;
01996047720128060001;
00015312020108060167;
00018282720108060167;
00020075820108060167;
00322204720108060167;
00341795320108060167;
00347104220108060167;
00347121220108060167;
00368285420118060167;
00397368420118060167;
00048624720188060064;
02328051120228060001;
02330562920228060001;
02332433720228060001;
00058705920188060064;
00001995020078060158;
00004818820078060158;
00022150620098060158;
00100198820108060158;
00107343320108060158;
00115909420108060158;
00119693520108060158;
00133762420188060117;
00077551120188060064;
00077793920188060064;
00083649120188060064;
00086922120188060064;
00041954020188060071;
00043720420188060071;
00059471320198060071;
00061784020198060071;
00105555220158060117;
00117109020158060117;
00059896020158060117;
08000038020228060074;
02003540520228060074;
02003737420238060074;
02003745920238060074;
02004473120238060074;
00267204320168060117;
00158803720178060117;
00001141020138060205;
00002581320158060205;
00000919520128060206;
00386040520148060064;
00029631520198060117;
00514337220208060075;
00111622620198060117;
00111761020198060117;
00111779220198060117;
00102063920198060075;
00102072420198060075;
00103389620198060075;
00105250720198060075;
00106767020198060075;
00108992320198060075;
00032788720198060167;
00072670420198060167;
00076793220198060167;
00076983820198060167;
00082007420198060167;
00204229820178060117;
00061508020188060112;
00085635020178060064;
00023716720188060064;
00077356220198060071;
00508378720218060064;
00520044220218060064;
00526306120218060064;
00043253820178060112;
00503562520208060076;
00502182420218060076;
00502226120218060076;
00038561420188060061;
00513040420218060117;
00087887820198060071;
00519270520208060117;
00527290320208060117;
00104479120228060112;
00070507820008060117;
00071581020008060117;
00081731420008060117;
00171647620008060117;
00181901220008060117;
