04200326720108060001;
04207150720108060001;
04210919020108060001;
04211209220008060001;
02753410820208060001;
02755239120208060001;
02755403020208060001;
02756035520208060001;
02760149820208060001;
02760296720208060001;
09036864220148060001;
09039453720148060001;
09044408120148060001;
00204386120078060001;
00205762820078060001;
00236058620078060001;
00286576320078060001;
00303940420078060001;
00333733620078060001;
00351920820078060001;
00354034420078060001;
00380111520078060001;
00388694620078060001;
00388910720078060001;
00389742320078060001;
00391743020078060001;
01316022120138060001;
01326882720138060001;
01337778520138060001;
01345035920138060001;
02147617020248060001;
02149071420248060001;
01270916720198060001;
01942503220168060001;
01945067220168060001;
02036915620248060001;
02513948020248060001;
02562822920238060001;
02562858120238060001;
02563801420238060001;
02565091920238060001;
02567569720238060001;
02567612220238060001;
02000110420228060108;
02000491620228060108;
03384266620008060001;
03434576720008060001;
03442422920008060001;
03446112320008060001;
03504702020008060001;
03523556920008060001;
03562824320008060001;
03574351420008060001;
03596661420008060001;
03603296020008060001;
03605573520008060001;
03639462820008060001;
03641637120008060001;
03642823220008060001;
03645993020008060001;
03664389020008060001;
03681658420008060001;
01733809720158060001;
01733826720158060001;
01095742020178060001;
01152158620178060001;
01156635920178060001;
90314786920098060001;
00320018120098060001;
00325448420098060001;
00358619020098060001;
00375073820098060001;
00384237220098060001;
00387051320098060001;
00390593820098060001;
00422993520098060001;
00444645520098060001;
02198726920238060001;
00115765720158060119;
00132065120158060119;
01799055620198060001;
01801090320198060001;
00055640220158060095;
02047976820158060001;
02048427220158060001;
02048617820158060001;
00010958320248060001;
00194175420248060001;
00000267920188060145;
00000856720188060145;
00000925920188060145;
00000917420188060145;
00001341120188060145;
08693146720148060001;
01967928620178060001;
00120371020068060001;
01218405420088060001;
00122723520108060001;
01230114620088060001;
01230227520088060001;
01250042720088060001;
00053071020188060050;
00023673520198060051;
00029805520198060051;
04386328820008060001;
04443540620008060001;
04444805620008060001;
04454262820008060001;
04460593920008060001;
04515286620008060001;
04529576820008060001;
04574741920008060001;
04597433120008060001;
04600499720008060001;
04603504420008060001;
04607549520008060001;
01290931520168060001;
01292127320168060001;
01314211520168060001;
01801646120138060001;
01814377520138060001;
01829273520138060001;
01831075120138060001;
02310005220248060001;
00202628620248060001;
02314361120248060001;
08445207920148060001;
08458138420148060001;
08463152320148060001;
02498497720218060001;
00474042720088060001;
00488142320088060001;
00494049720088060001;
00529202820088060001;
00594565520088060001;
00606257720088060001;
00632940620088060001;
00662482520088060001;
00693972920088060001;
00704548220088060001;
00741381520088060001;
02317701620228060001;
02318256420228060001;
02320213420228060001;
02320862920228060001;
02943776520228060001;
02944520720228060001;
02946322320228060001;
02947560620228060001;
01949614220138060001;
02004139220228060041;
02005888620228060041;
08000100620248060041;
06537640720008060001;
06601271020008060001;
06659653120008060001;
06687688420008060001;
06693741520008060001;
06698254020008060001;
06732784320008060001;
06758714520008060001;
06783198820008060001;
02482183520208060001;
00029580720068060001;
02982651420008060001;
02992091620008060001;
02996448720008060001;
02996465720008060001;
00299985620098060001;
03012765120008060001;
03059706320008060001;
03062312820008060001;
01767106820168060001;
01773783920168060001;
02271222720218060001;
00010850720198060036;
02253087220248060001;
02254654520248060001;
02258075620248060001;
00506196020218060096;
00507876220218060096;
00509418020218060096;
08537842320148060001;
08545057220148060001;
08548218520148060001;
08568068920148060001;
08567029720148060001;
00000457020158060184;
02860778020238060001;
02862596620238060001;
02862795720238060001;
02862969320238060001;
02863592120238060001;
02863652820238060001;
01187757020168060001;
01189185920168060001;
01205242520168060001;
01206568220168060001;
00025406920068060001;
00026368420068060001;
00035938520068060001;
00039169020068060001;
00045248820068060001;
00067913320068060001;
00085234920068060001;
00113226520068060001;
00164592820068060001;
00181074320068060001;
00195632820068060001;
00196629520068060001;
00222281720068060001;
00259193920068060001;
00261454420068060001;
00261628020068060001;
00265369620068060001;
00318632220068060001;
00002775420178060203;
02196012620248060001;
02197346820248060001;
02199061020248060001;
00107195020118060119;
00118927520128060119;
02463808620228060001;
00078006420178060156;
00142360520188060156;
00681551620008060001;
06858970520008060001;
06884208720008060001;
00689539320088060001;
00040503520008060064;
00072938420008060064;
00099136920008060064;
00137278920008060064;
00151439220008060064;
00164412220008060064;
00165174620008060064;
00184964320008060064;
00192845720008060064;
00195305320008060064;
00008663720018060064;
00024252920018060064;
00025076020018060064;
01430675620158060001;
01434763220158060001;
01438574020158060001;
00078591520138060052;
00081008620138060052;
00088842920148060052;
00120778120168060052;
00127671320168060052;
00003601620188060145;
02059644220238060001;
01603306720168060001;
01607706320168060001;
01613786120168060001;
00002924120178060197;
00003261620178060197;
00004154120148060198;
00001621920158060198;
00003057120168060198;
00002066720178060198;
00004128120178060198;
02523027420238060001;
02528535420238060001;
04556287820118060001;
00116848920118060034;
04628924920118060001;
04701077620118060001;
02824492020228060001;
02825099020228060001;
02827601120228060001;
02833810820228060001;
01512629320168060001;
00127758720168060052;
04690692920118060001;
04701016920118060001;
04705338820118060001;
04706568620118060001;
04717125720118060001;
04723733620118060001;
04727163220118060001;
04744909720118060001;
04746554720118060001;
04759996320118060001;
02368006120248060001;
01143968120198060001;
01147812920198060001;
01148566820198060001;
01252657420178060001;
01261283020178060001;
01271554820178060001;
02250717220238060001;
02250665020238060001;
02252613520238060001;
02254398120238060001;
02256078320238060001;
02258278120238060001;
09158780720148060001;
09162955720148060001;
09172907020148060001;
09186028120148060001;
00269942020238060001;
02437441620238060001;
02437502320238060001;
02438057120238060001;
02438126320238060001;
02438507520238060001;
00000915020158060187;
00003146620168060187;
00002023620128060188;
00000452920138060188;
00005216720138060188;
00003016420168060188;
00002051520178060188;
01314916620158060001;
01317150420158060001;
01319134120158060001;
02482838820248060001;
02483176320248060001;
02007577620228060040;
02000732020238060040;
02004326720238060040;
02004750420238060040;
00040329720148060104;
00060251020168060104;
00065508920168060104;
00067860720178060104;
00067895920178060104;
00067956620178060104;
00068069520178060104;
00068086520178060104;
00068329320178060104;
00053408820168060108;
00053624920168060108;
00056621120168060108;
00058665520168060108;
02019407920238060062;
02005763820248060062;
00502547020208060086;
00504045120208060086;
00113317220208060086;
00508721520208060086;
00422190320148060064;
00450277820148060064;
00451784420148060064;
00459544420148060064;
00464239020148060064;
00467417320148060064;
00483084220148060064;
00126677620248060117;
02034286420248060117;
00103426520238060117;
02005622020238060117;
00041715320008060035;
00042572420008060035;
00047526820008060035;
00069065920008060035;
00072158020008060035;
00003296020038060035;
00023050520038060035;
00025484620038060035;
00010273220048060035;
00019208620058060035;
02003848920248060035;
02005510920248060035;
02005952820248060035;
02006524620248060035;
00003693320068060101;
00014691820098060101;
00004478520108060101;
00076483120108060101;
00101923620238060036;
02005660920238060036;
02002782720248060036;
00028967520048060117;
00007396120068060117;
00004600320088060086;
00059278920108060086;
00059365120108060086;
00083144320118060086;
00081123220128060086;
00012543920068060136;
00004587720088060136;
00079571020118060136;
06308123120238060000;
02016115420238060034;
02001415120248060034;
00101696220248060034;
00006348820188060109;
00006824720188060109;
00005453120198060109;
00008493020198060109;
00010147720198060109;
00504169320208060109;
02013653220238060075;
02017351120238060075;
00094697620148060086;
00096212720148060086;
00097624620148060086;
00100404720148060086;
00102007220148060086;
00079356320158060086;
00092130220158060086;
00092745720158060086;
00093049220158060086;
00094668720158060086;
00118551120168060086;
00122933720168060086;
02001929420238060164;
02002924920238060164;
08000088920238060164;
02007930320238060164;
02008891820238060164;
02009654220238060164;
02010173820238060164;
02010190820238060164;
02010494320238060164;
02010538020238060164;
02010546520238060164;
00100076520248060164;
00039627320118060108;
00040727220118060108;
00043045020128060108;
00037602820138060108;
00562343020218060064;
00567322920218060064;
02008965320228060064;
02014218420238060101;
02015170220238060101;
02017076220238060101;
02019397420238060101;
02920063120228060001;
02921033120228060001;
00107528320248060119;
02013838120248060119;
02012349020238060064;
00123610820178060100;
02034875120238060064;
02035221120238060064;
02036027220238060064;
00227130820168060117;
00230578620168060117;
00201077020178060117;
00201908620178060117;
00126065520238060117;
02047427920238060117;
02005665220248060075;
02007241020248060075;
02009570720248060075;
00000633920098060140;
00000780820098060140;
00002695320098060140;
00005787420098060140;
00039076020108060140;
00044636220108060140;
00049708620118060140;
00050435820118060140;
00058512920128060140;
00060054720128060140;
00061276020128060140;
00055816820138060140;
00055972220138060140;
00058198720138060140;
02001361320238060083;
02001448720238060083;
02001690320238060083;
02002349520238060083;
02000024920248060083;
02000743620248060083;
02001081120248060083;
02001237720248060083;
00018405120008060083;
00006832820098060083;
00029044720108060083;
00036723620118060083;
00041622420128060083;
00045155920158060083;
00045476420158060083;
00045891620158060083;
00057433520168060083;
00063678420168060083;
00064093620168060083;
00064319420168060083;
00065652420168060083;
02006328920248060056;
02006622720248060056;
02008242220248060056;
00501165920218060057;
00175533120188060117;
00107976720238060137;
02012250620238060137;
02008503120248060117;
02004974520248060099;
02005537820248060099;
02009166520248060099;
00111300220248060099;
00002588920058060099;
02004648620238060100;
00105292720238060100;
00105361920238060100;
02018211620248060117;
