00187184620008060117;
00004884820038060117;
00000923720048060117;
00572370220218060167;
02002529220228060167;
02005967320228060167;
00013403820048060117;
00019582020188060043;
00015457020198060043;
00062614320198060043;
00065126120198060043;
00537294820218060167;
02800619520218060158;
00539370320218060112;
00540707120218060071;
00098681220128060075;
00100578720128060075;
00104025320128060075;
00112070620128060075;
00114158720128060075;
00114669820128060075;
00116721520128060075;
00158653420168060075;
00160143020168060075;
00161450520168060075;
00163702520168060075;
00163729220168060075;
00164517120168060075;
00165313520168060075;
00166205820168060075;
00171627620168060075;
00146343520178060075;
00571606120218060112;
00574317020218060112;
00008916320188060158;
00014753320188060158;
00015082320188060158;
00015654120188060158;
00018840920188060158;
00014274020198060158;
00019071820198060158;
00150545820128060158;
00159422720128060158;
00160228820128060158;
00162359420128060158;
00167789720128060158;
00142999720138060158;
00146792320138060158;
00148325620138060158;
00148351120138060158;
00540675620208060167;
00461836720158060064;
00494158720158060064;
00503424920218060062;
00508396320218060062;
00313745620128060071;
00358703120128060071;
00602833820178060167;
00605683120178060167;
00606263420178060167;
00618743520178060167;
00622866320178060167;
00637529220178060167;
00648077820178060167;
00057908220088060117;
00518424820208060075;
00518441820208060075;
00521366620218060075;
02015112520228060167;
02017408220228060167;
00100937720118060136;
00087880820198060062;
00128347420148060075;
00098776620158060075;
00104370820158060075;
00551269820218060117;
00702826720168060064;
00576073820178060064;
00596980420178060064;
00613886820178060064;
00123244520108060158;
00123772620108060158;
00115516320118060158;
00121024320118060158;
00123596820118060158;
00134448920118060158;
00134465920118060158;
00140485020118060158;
00079657220118060043;
00089094020128060043;
00105295320138060043;
00105840420138060043;
00091980220148060043;
00096345820148060043;
00504063520218060167;
00504072020218060167;
00504401020218060167;
00505536120218060167;
00507432420218060167;
00509139320218060167;
00510316920218060167;
00510325420218060167;
00510350920218060167;
00510499020218060167;
00511607420218060167;
00565563220218060167;
00053076020178060077;
00054322820178060077;
00055579320178060077;
00056618520178060077;
00099537920188060077;
00004503120188060078;
00272476420188060136;
00132393720218060117;
00021591920048060167;
00027654720048060167;
00078610920058060167;
00079088020058060167;
00030792220068060167;
00058088420078060167;
00065588620078060167;
00020133620088060167;
00558076820218060117;
00558328120218060117;
00375185420118060112;
00358519620128060112;
00392685720128060112;
00394539520128060112;
00357166920128060117;
00363584220128060117;
00363749320128060117;
00385642920128060117;
00413781420128060117;
00077117120188060167;
00012002820078060075;
00004006320088060075;
00014035320088060075;
00001627320108060075;
00003306320058060071;
00008874520088060071;
00017908020088060071;
05335404020008060001;
05529257120008060001;
05699076320008060001;
05803767120008060001;
06039624020008060001;
01406232120138060001;
01419855820138060001;
01430707920138060001;
01433695620138060001;
01446781520138060001;
00091770820108060062;
00096574920118060062;
00101996720118060062;
00104577720118060062;
00115175120128060062;
00127828820128060062;
01786321320178060001;
02250154420208060001;
01660412920118060001;
00318634620118060001;
01632161520118060001;
01631729320118060001;
02135506720228060001;
02135584420228060001;
00003602120228060001;
02137498920228060001;
02319835620218060001;
00102651320198060112;
00116205820198060112;
01211122720198060001;
01379698520188060001;
02060335520158060001;
00117135020198060167;
00504119120208060167;
00506128320208060167;
00509721820208060167;
00512545620208060167;
02765369120218060001;
02683663320218060001;
00215064520168060158;
00220243520168060158;
00220555520168060158;
00220641720168060158;
00224045820168060158;
00226453220168060158;
00226895120168060158;
00229017220168060158;
00230368420168060158;
00205396320178060158;
00205794520178060158;
01588462220138060001;
01586947120138060001;
01600916820138060001;
01605731620138060001;
00156189120108060001;
01684636020008060001;
02555306320008060001;
00294085020078060001;
00504956320208060112;
00505492920208060112;
00510637920208060112;
00511339620208060112;
00525586120208060112;
01812116520168060001;
01812809720168060001;
01824163220168060001;
01824552920168060001;
01836331320168060001;
01838168120168060001;
01839232820168060001;
00714375220068060001;
00718936520078060001;
00788071920058060001;
07889137220008060001;
00535562120218060071;
08619539620148060001;
08628502720148060001;
08633292020148060001;
01434451720128060001;
01437851420198060001;
01440025720198060001;
01443740620198060001;
01445273920198060001;
00501290420218060075;
00503793720218060075;
02799791620228060001;
02800277220228060001;
02817702020228060001;
00012590720028060167;
01260262320088060001;
00172251820058060001;
00178398620068060001;
00185652120108060001;
00187555220088060001;
00199123120068060001;
02877761520008060001;
00298046120068060001;
01524704920158060001;
01533105920158060001;
01540857420158060001;
01717394520138060001;
01727302120138060001;
01740917320138060001;
01344438120168060001;
01363318520168060001;
02077046920228060001;
02079169020228060001;
08402813220148060001;
08410487020148060001;
07334774020148060001;
01026119820148060001;
02861193820008060001;
02881027220008060001;
02896737820008060001;
03502424520008060001;
03987891920008060001;
00416500720088060001;
04192631120008060001;
00799443120088060001;
01142988220088060001;
01493989820088060001;
02027492920218060001;
00054925520058060001;
05564410220008060001;
05577246020008060001;
00562645120078060001;
05668486720008060001;
05727422420008060001;
00576138920078060001;
00593919420078060001;
06174679820008060001;
01058070320198060001;
01059871920198060001;
01067147520198060001;
01063677620188060001;
02751387520228060001;
02753388220228060001;
07437731520008060001;
07651998320008060001;
02213773220228060001;
04282937020008060001;
00461525720068060001;
00471932520078060001;
00547860820078060001;
00559825720008060001;
05891976420008060001;
00612603920008060001;
06149156320008060001;
06374022720008060001;
02670660220228060001;
01383348620118060001;
01377623320118060001;
01401362220118060001;
00791175420078060001;
00812495520058060001;
00620658920008060001;
00618926520008060001;
00607441920008060001;
01149736420168060001;
02345563320228060001;
00508530820218060075;
00012291420088060182;
00068225320108060182;
00071071220118060182;
00073228520118060182;
00078476720118060182;
00577277720218060117;
02008596120228060117;
00120666120198060112;
00136498120198060112;
00139087620198060112;
00143647820178060182;
00143846920178060182;
00119333720188060182;
02000968820228060043;
02004459120228060043;
00376036120148060071;
00314281720158060071;
00367736120158060071;
00003014520068060146;
00035490420158060146;
00041042120158060146;
00053196120178060146;
00000346020148060189;
00001039220148060189;
00001616120158060189;
00361353620148060112;
00367355720148060112;
00500812720208060157;
00003346420048060062;
00002572120058060062;
02036703820228060167;
02041302520228060167;
02003820620228060160;
02007276920228060160;
00094194320198060064;
00025041920058060112;
00032655020058060112;
00001796620088060112;
00002368420088060112;
00003416120088060112;
00021802420088060112;
00046156820088060112;
00510695920208060121;
00502647220218060121;
00504405120218060121;
00075658220178060161;
00070233020188060161;
00215681420168060117;
02033727320228060158;
08000318720228060158;
02034471520228060158;
02036931120228060158;
02038317520228060158;
02039832620228060158;
00040436720198060164;
00100686220208060164;
00503097820208060164;
02800256920208060164;
00500208720218060075;
00008778420188060124;
00505668720218060158;
00506785620218060158;
00117654120138060075;
00098103820148060075;
00101282120148060075;
00104963020148060075;
00108721620148060075;
00013079020198060127;
00001343320098060175;
00091189820128060175;
01049869320158060112;
01073166320158060112;
01106024920158060112;
00005382820098060129;
00021099720108060129;
00034959420128060129;
00028520520138060129;
00029842820148060129;
00029285820158060129;
00031996720158060129;
00044127420168060129;
00072913620188060177;
00072991320188060177;
00074801420188060177;
00000466820188060178;
00064405720198060178;
00510002020218060112;
00510028720218060112;
00105304420218060112;
00519961820218060112;
00523374420218060112;
00215229120198060158;
00215332320198060158;
00500405720208060158;
00507394820208060158;
02029624120228060117;
00074215720178060178;
00080390220178060178;
02026008020228060071;
00075927920138060137;
00084411720148060137;
00103390420188060112;
00108361820188060112;
00110760720188060112;
02045258520228060112;
02051952620228060112;
02052593620228060112;
00003082920188060142;
00006313420188060142;
00005999220198060142;
00009229720198060142;
00009402120198060142;
00055599120198060142;
00057954320198060142;
00057962820198060142;
00058344020198060142;
00059738920198060142;
00502747020208060180;
00500206320218060180;
00500214820218060180;
00500231820218060180;
00500552320218060180;
00002842320148060180;
00082615620198060062;
00085058220198060062;
02045598920228060167;
02045728820228060167;
02049114720228060167;
02050067720228060167;
02050509620228060167;
08000498120228060167;
02053003220228060167;
00117896920228060167;
02055827020228060167;
00500437220208060138;
00102702020208060138;
00501667020208060138;
00501273920218060138;
02002597420228060138;
00010599020188060182;
00032974820198060182;
00132656820198060064;
00547055520218060167;
00505509520208060182;
00508124520208060182;
00512117420208060182;
00134460720198060117;
00502633620208060117;
00507821120208060117;
00016004520168060069;
00016740220168060069;
00017018220168060069;
00023158720168060069;
00023349320168060069;
00024231920168060069;
00025002820168060069;
00016365320178060069;
00018261620178060069;
00018357520178060069;
00018573620178060069;
00019059220178060069;
00019084720178060069;
00019162420178060069;
00019189120178060069;
00019283820178060069;
00019881120178060069;
00020609520178060069;
00020999220178060069;
00021068420178060069;
00022480720118060067;
00023754220118060067;
00025734520128060067;
00029158520148060067;
00021594220158060067;
00102524320198060070;
00094094220008060071;
00001071820028060071;
00023566820048060071;
00000254520078060092;
00004654120078060092;
00017922120078060092;
00018476920078060092;
00000416220088060092;
00017607920088060092;
00003010820098060092;
00012251920098060092;
00012425520098060092;
00013014320098060092;
00013022820098060092;
00016686720098060092;
00082236620108060092;
00091997320108060092;
00092508420108060092;
00095094520118060092;
00096644820118060092;
00097138920118060092;
00097277320118060092;
00097355020118060092;
00097589320118060092;
