00363535720248060001;
00363969120248060001;
02791749220248060001;
02417814120218060001;
02419667920218060001;
02586403020248060001;
02586308320248060001;
02586524420248060001;
01619386620178060001;
01622322120178060001;
01626080720178060001;
01253907120198060001;
01258981720198060001;
02435228220228060001;
01905652220138060001;
01907020420138060001;
02719288420208060001;
01772123620188060001;
02464287920218060001;
08521318320148060001;
08521352320148060001;
08523128420148060001;
01544789120188060001;
02441024420248060001;
02477616120248060001;
02477962120248060001;
02478083520248060001;
02479183420248060001;
02480127920248060001;
02401376320218060001;
02759282520238060001;
02761534520238060001;
02764618120238060001;
00513238720098060001;
00542026720098060001;
00600122320098060001;
00617357720098060001;
00794928420098060001;
00374782720058060001;
00037606320108060001;
03783425820108060001;
03793675820008060001;
03805410520008060001;
03817795920008060001;
03819805120008060001;
00382305720098060001;
00383841720058060001;
02271282920248060001;
02273968320248060001;
02192228520248060001;
01288150920198060001;
01290949220198060001;
02039701320228060001;
02486842920208060001;
02490247020208060001;
02491156320208060001;
02567941220238060001;
02567898720238060001;
02567846520238060001;
02568062620238060001;
02233435920248060001;
02216504020248060001;
02867247520238060001;
02869143820238060001;
02577352520248060001;
00281016520248060001;
00281337020248060001;
02578383220248060001;
02578400220248060001;
02578946520248060001;
02579552320248060001;
01880247420178060001;
01888968920178060001;
01889002920178060001;
02121403720238060001;
02809832020248060001;
00370654720248060001;
00370663220248060001;
02811105520248060001;
02811348320248060001;
02812396020248060001;
00371520320248060001;
00371823820248060001;
00371867520248060001;
00371936720248060001;
02814015520248060001;
00372014420248060001;
02814214620248060001;
00372135820248060001;
02815270820248060001;
01828196420178060001;
02475263120238060001;
02009089020248060066;
02009252920248060066;
00008423720008060066;
00037909720108060066;
00051300820128060066;
00060568620128060066;
00067696120128060066;
00055602320138060066;
02816405920248060001;
02817419620248060001;
02817956220248060001;
02818328920248060001;
00373616920248060001;
02818475820248060001;
00373816020248060001;
02819047620248060001;
02819990920248060001;
02820424320248060001;
02657568720248060001;
02657577220248060001;
01389788720158060001;
01397955420158060001;
01097907820178060001;
01109131420178060001;
01110344220178060001;
01110838320178060001;
01111513320178060001;
01113254220178060001;
02067944720228060064;
02071625620228060064;
01056039020188060001;
02822035320248060001;
02823541920248060001;
00375115020248060001;
00375132020248060001;
00375938120248060001;
02824668520248060001;
02297797320208060001;
02228496820228060001;
02233250920228060001;
02064096520238060064;
02064451020238060064;
02065075020238060064;
01153408320198060001;
01153364620198060001;
02501078220248060001;
02501909820248060001;
02504282020248060001;
02504671720248060001;
05357956820008060001;
00536166420088060001;
05394071420008060001;
00540780220008060001;
00542150820058060001;
00543158920078060001;
04056176920168060001;
02666019020228060001;
02065842520248060064;
02066189720248060064;
00178014920248060064;
02067445020248060064;
02069843920248060064;
02070398720248060064;
00182881920248060064;
00100949320258060064;
00100991820258060064;
00101000320258060064;
00107046120258060064;
00107314420258060064;
00108682620258060064;
00110008320258060064;
00110025320258060064;
00018168020008060064;
02715450420238060001;
02715728420238060001;
02720898920238060001;
02141729820128060001;
00368272820248060001;
00368454920248060001;
02803596820248060001;
00368861620248060001;
02804990520248060001;
00369139620248060001;
00369355720248060001;
02807078620248060001;
00369806120248060001;
02807797320248060001;
02808126320248060001;
02808698120248060001;
00370248020248060001;
02458869020238060001;
00280854820238060001;
02460999620238060001;
02464203420238060001;
02454336120248060001;
00377107220248060001;
02828167320248060001;
02829873020248060001;
00378519120248060001;
02830331920248060001;
00380155620248060001;
00125486620108060001;
01260069520098060001;
01281178620088060001;
00128579220078060001;
01292714220088060001;
02742983620208060001;
02743217920208060001;
02745227120208060001;
02746863620208060001;
02748032720208060001;
02748059420208060001;
02781529620248060001;
00361847020248060001;
00361907720248060001;
02833415520248060001;
00380476120248060001;
00380501620248060001;
00380562320248060001;
00380597520248060001;
00381012720248060001;
00381021220248060001;
00381827320248060001;
02838793620248060001;
02839019420248060001;
00382034920248060001;
00383723620248060001;
00383819520248060001;
00383836520248060001;
00384174020248060001;
00384251720248060001;
02843054820248060001;
00384936420248060001;
00384961920248060001;
00385066320248060001;
00385351620248060001;
00385550720248060001;
00385724320248060001;
00386365320248060001;
00386486720248060001;
00387230920248060001;
02846025520248060001;
02846233120248060001;
02846458920248060001;
02847150920248060001;
00387976320248060001;
00389093220248060001;
02118672920218060001;
02119582220218060001;
02684425220248060001;
00321306120248060001;
09104934920128060001;
04689211820118060001;
91249833620178060001;
30008765720178060003;
30008949720168060008;
30011674220178060008;
00464833420148060009;
00461305720158060009;
30003413820168060012;
30003202820178060012;
30007041920168060014;
30006013520188060016;
00461276020158060023;
00463796320158060023;
30005434520178060023;
30002458720168060023;
02027743320228060025;
02000286120238060025;
01793127120128060001;
02448845120248060001;
02450074920248060001;
02046714220238060064;
02009862620248060053;
02009975520248060053;
00104306720248060053;
02011412920248060053;
02012963220248060053;
02014842520248060053;
02000368020258060053;
00046542920008060053;
02543636820248060001;
00271073720248060001;
02570571020248060001;
00279327820248060001;
00104533020228060167;
02018196120228060167;
02018638020228060167;
02020144620228060167;
02022681920228060167;
02023245220228060167;
02023366620228060167;
02057916820248060167;
02057925320248060167;
02058210620248060167;
02058228820248060167;
02058289520248060167;
02058895320248060167;
02058939020248060167;
02063026620248060167;
02063251220248060167;
02067166420248060167;
00989235220158060112;
00989243720158060112;
00995679220158060112;
01012827220158060112;
01019391420158060112;
02042858320248060029;
02043394920248060029;
02044425620248060029;
02044693920248060029;
02045049620248060029;
02000036520258060029;
00004086220008060029;
00004094720008060029;
00013509420008060029;
00014911620008060029;
00050663220008060029;
00051789820008060029;
00000190920028060029;
00012296120038060029;
00002197420068060029;
02056485020248060112;
02056805520248060112;
02057913920248060112;
02058286620248060112;
02059845420248060112;
02017934320248060151;
00109035020248060151;
00110698220248060151;
00110723720248060151;
00110897320248060151;
00308125720208060171;
00308169420208060171;
00310671520208060171;
00102327320248060071;
02014145120248060071;
02025168220248060112;
02029203620248060112;
02029671020248060112;
02011748320238060043;
00103377120238060043;
02012146520238060043;
00103766820238060043;
00103965920238060043;
02000477620248060043;
00100057020248060043;
02009043820228060029;
02010395020228060029;
02015270520228060029;
02004261620228060066;
00101875520228060066;
02007917020228060066;
02001903020238060066;
00001704420188060148;
00026096220178060148;
08000087220248060029;
00095537020118060090;
00095545520118060090;
00095761620118060090;
00101443220118060090;
00103972020118060090;
00109823820128060090;
00099382620198060126;
02013691520248060114;
02013865120248060114;
00476067220168060114;
00005463220188060115;
02015149420248060171;
00104170520248060171;
02023592920248060171;
02000231820258060171;
02004258220248060091;
00032471820198060151;
00704076020198060151;
00706648520198060151;
02032526620248060091;
02001429020228060168;
02001670620228060168;
02002208420228060168;
00100895520228060168;
02003273120228060168;
02003723520228060168;
02014528620248060031;
00003316620088060031;
00022955520128060031;
00021852220138060031;
02040006120248060071;
00009184620008060071;
00043308220008060071;
00073378220008060071;
02038761520238060071;
00110988920228060091;
02000683920238060091;
02000935220238060091;
02002823020238060091;
02004572420238060091;
02005075020238060091;
02005066520238060091;
00359408520138060112;
00428304020138060112;
00430902020138060112;
00102364720238060168;
02006388520238060168;
02000114720248060168;
02000140220248060168;
02001292320248060168;
02003252620228060115;
08000121620228060115;
02004249320228060115;
02005452420228060115;
02004125420238060112;
00101721120238060112;
02005545820238060112;
02005615020238060112;
02007624220238060112;
00118018320248060112;
00118320620248060112;
00119204420248060112;
00119923120248060112;
02067146520248060112;
02076014920248060112;
00051853520008060112;
00054019320008060112;
00107212720008060112;
00109646820008060112;
00145865820008060112;
00223820320008060112;
00250642820008060112;
00295522620008060112;
00040221520038060112;
00041607920038060112;
00506646320208060043;
00504512320218060043;
00313723120108060112;
00341763520118060112;
02011247620238060166;
00100669220248060054;
02005133720248060054;
02003119120248060076;
00030969320138060076;
00031733420158060076;
00510990720218060171;
00008103420098060125;
00008459120098060125;
00008476120098060125;
00060228920168060125;
02001259420248060132;
02002133520248060132;
02004653820248060132;
00102241020248060132;
00102362420248060132;
02005089720238060038;
02000772920248060038;
00023369820128060038;
00027040520158060038;
00035412620168060038;
00024725720108060041;
00034659520138060041;
00038259320148060041;
00033648720158060041;
00039208920158060041;
00053951220178060041;
00095546120188060041;
02004115620238060181;
02004626720238060181;
02005267720238060181;
08000075320238060181;
02005709620238060181;
02005882020238060181;
02006592220238060181;
02006843520238060181;
02006981920238060181;
02007034120238060181;
02007285420238060181;
02007398320238060181;
02007649620238060181;
02008125520238060181;
02000388820248060181;
02001497220248060181;
02002484220248060181;
02002492720248060181;
00007775820078060143;
00003018320088060143;
00000433920098060143;
00043024320108060143;
00043032820108060143;
00039123920118060143;
00046156720118060143;
00049083720118060143;
00049248820118060143;
00051387920118060143;
00052270520118060143;
00054193520118060143;
00056653120118060143;
00052310820128060143;
00052329020128060143;
00056563520128060143;
00056676420128060143;
00047458620138060143;
00058994220138060143;
00061271720138060143;
02001686120248060122;
02001238520248060145;
02001559020248060145;
02001775120248060145;
02002294720248060145;
02002476820248060145;
02002589720248060145;
