02193005020228060001;
02194503120228060001;
02815817620218060001;
00065624220138060126;
00071022220158060126;
00073439320158060126;
01230281420108060001;
01227727120108060001;
00038225320138060113;
00040144920148060113;
00060153620168060113;
00060587020168060113;
00105832520198060167;
00547292020208060167;
00549916720208060167;
02061007820228060064;
02065432920228060064;
02907739620228060001;
08760301320148060001;
08762718420148060001;
08765853020148060001;
08769793720148060001;
08773803620148060001;
02373491320208060001;
02375604920208060001;
02379017520208060001;
00170875120058060001;
00213165420058060001;
00246956620068060001;
00259182020078060001;
00277806020068060001;
00279867420068060001;
03021901820008060001;
03323563320008060001;
01779269820158060001;
01782205320158060001;
00061566820088060167;
00026140820098060167;
00069384120098060167;
00075853620098060167;
01869796920168060001;
01880207120168060001;
01315453720128060001;
02002353020238060035;
02002811920238060035;
00171018420178060075;
00171572020178060075;
02013614420228060070;
02000663520238060070;
02000793420238060070;
02005781820238060070;
00772072120098060001;
07826814420008060001;
07971734120008060001;
00500032220218060117;
00500551820218060117;
00503029620218060117;
00507601620218060117;
00141888420198060035;
00563752520168060064;
00003014520088060091;
00010393320088060091;
00226783920108060091;
00244443020108060091;
00509167620128060001;
00526099520128060001;
00239195720168060117;
00246080420168060117;
00252178420168060117;
00252446720168060117;
00097446020188060126;
00676329120068060001;
06782600320008060001;
00683526820008060001;
07561250520008060001;
07698229320008060001;
07888452520008060001;
00084997720128060173;
00085473620128060173;
00088920220128060173;
00088938420128060173;
00090185220128060173;
00091146720128060173;
00083825220138060173;
00089151120138060173;
00094954120138060173;
00098253820138060173;
00085216720148060173;
00085883220148060173;
00093998920148060173;
00097990620148060173;
00098120520148060173;
00100831420148060173;
00090488220158060173;
00140639520168060173;
06191559520008060001;
00062376420078060001;
06903460620008060001;
00035399520128060135;
00694754720168060064;
00000206620188060050;
00109054520208060091;
00512912020208060091;
00126456520188060137;
02029031820198060001;
02030418220198060001;
00491173220148060064;
00496153120148060064;
00498673420148060064;
00376857920158060064;
00387259620128060001;
00391139620128060001;
00019831520008060059;
00032162720128060059;
00033029520128060059;
00029538720158060059;
00046117820178060059;
00044945320188060059;
01046896020178060001;
01555753920128060001;
01517075320128060001;
01491863820128060001;
01567307720128060001;
01541195420128060001;
01714729720188060001;
01716678220188060001;
01718825820188060001;
01720973420188060001;
01721310920188060001;
05918374020008060001;
00594796920068060001;
00605225120008060001;
04048664420008060001;
00409682320068060001;
04112606720008060001;
04114897520108060001;
04180766520008060001;
00428609820058060001;
04464101220008060001;
00459975420068060001;
04629321720008060001;
00465928720058060001;
04659582320008060001;
00503689520058060001;
05044759720008060001;
05135575520008060001;
00519018920058060001;
05268863720008060001;
00011484820098060047;
00048884320118060047;
00050711420118060047;
00050755120118060047;
00057259320148060047;
00007550520188060049;
01029978920188060001;
01042926420188060001;
02006999020238060120;
02000084220248060120;
06733408320008060001;
06752236520008060001;
07194772620008060001;
07610037020008060001;
01622247320198060001;
01374489220088060001;
01418473320098060001;
02322142120008060001;
02999289520008060001;
00149889420188060117;
00152452220188060117;
00156575020188060117;
01075913520078060001;
01929723020158060001;
01931723720158060001;
01932928020158060001;
01935014920158060001;
01941553620158060001;
02003269020228060121;
02004325220228060121;
02009651120228060121;
02000277920238060121;
02003516920238060121;
00098686020148060101;
00108799020158060101;
00116393920158060101;
00143801820168060101;
01698806220118060001;
00329564420118060001;
01826863220118060001;
00333817120118060001;
00334102420118060001;
01853702720118060001;
01357088420178060001;
01360526520178060001;
01362674120178060001;
01362916920178060001;
01366631820178060001;
01372729820178060001;
00094160320138060128;
00099512920138060128;
00082298620158060128;
00086654520158060128;
00089573020158060128;
00159343420128060034;
02275539520208060001;
02063955720158060001;
00236294620098060001;
00240743020108060001;
00241003320078060001;
00242649520078060001;
02478823220008060001;
00249112720068060001;
00510896620208060051;
00500560720218060051;
00102454020218060051;
02064881020218060001;
01627317820128060001;
01919780720128060001;
01675747620188060001;
02789835220218060001;
00023689720118060116;
00023698220118060116;
00030782020118060116;
00030008920128060116;
02050160820208060001;
02721369720228060001;
00003038220098060122;
00060792920198060117;
00068613620198060117;
02027781620208060001;
00146337420008060001;
00149361520058060001;
00153954620078060001;
00194995220058060001;
00213993120098060001;
00265545420058060001;
02920493720008060001;
03046247720008060001;
03058112320008060001;
03061178920008060001;
00306409720078060001;
01503047320178060001;
02173905620208060001;
02176442920208060001;
02178677920208060001;
02182237420208060001;
02184280620208060001;
00988970920098060001;
02001718020228060091;
02004376720228060091;
02005589520228060091;
02007079120228060091;
02011200720228060091;
02011833220228060091;
06027005420208060001;
00057703520168060045;
00059418920168060045;
00021801820148060046;
00021931720148060046;
00055920520158060051;
00061524420158060051;
00069240720158060051;
00085823220168060051;
00064157020118060163;
00063694720128060163;
00068134620138060163;
00068151620138060163;
00074465720138060163;
00074803220138060163;
00486098020148060163;
00488704520148060163;
00967007020158060163;
00968825620158060163;
00970774120158060163;
00974819220158060163;
00980941520158060163;
00094081320168060163;
00098221120168060163;
00100473120168060163;
00107055520168060163;
00107705020168060163;
00508337820208060163;
00026297920158060162;
00034392020168060162;
00002496420078060162;
00001736920098060162;
00026185520128060162;
00025390820148060162;
00036935620178060162;
00002185520188060163;
00012679720198060163;
01784915720188060001;
01787392320188060001;
01791523620188060001;
02543028120228060001;
02002869620228060028;
02002938820228060028;
00101781320228060028;
02005857320228060028;
00130631220138060029;
00195188520168060029;
02878278820218060001;
02882374920218060001;
02883258720218060001;
02883267220218060001;
02883327920218060001;
02883353420218060001;
02725662020208060001;
02725757920208060001;
02727203820208060001;
02731482020208060001;
02732487220208060001;
02733222920208060001;
00118297120148060154;
01004651620168060001;
01023835520168060001;
02015809620228060154;
00001466420058060053;
00013934120098060053;
00000568020108060053;
00093580220118060053;
00094178720118060053;
00102056720128060053;
00237154720128060151;
00045653620148060143;
00047844920148060143;
00049828620148060143;
00060888320148060143;
00048898920158060143;
00055861320158060143;
03357322720008060001;
03424642420008060001;
03486722420008060001;
00371061020078060001;
03744258020008060001;
04011428020108060001;
02001154520228060027;
00019018020008060027;
00029834920008060027;
00040262120008060027;
00041613320008060027;
00005374820158060027;
00003852920178060027;
00000377120188060028;
00004196420188060028;
00006692920188060180;
00007178520188060180;
00502089020208060180;
02001185620238060094;
02808317420218060001;
02811963120218060001;
00130362720138060062;
00125241020148060062;
00382943420148060117;
00397822420148060117;
00433002220148060117;
00305823120068060001;
04484359520008060001;
02002078720238060156;
02003576820238060156;
02003905820238060156;
02004538320238060156;
02004555320238060156;
02004563820238060156;
02005144120238060156;
00508103720218060054;
00103457220238060132;
01881210620198060001;
01883437120198060001;
00516555420218060059;
00002331920158060037;
00002305620188060038;
00001765620198060038;
00002614220198060038;
02074436220228060112;
02075804420228060112;
05504313920008060001;
00569337520058060001;
05693646020008060001;
05702635820008060001;
05739175320008060001;
05756557620008060001;
05818870720008060001;
05828675120008060001;
00586242720058060001;
05924202520008060001;
00011343320128060088;
02010597820228060049;
02001102020238060049;
00001341320068060054;
00003417520078060054;
00005781220078060054;
00003007420088060054;
00025937520128060054;
00034083820138060054;
00025930720148060054;
00866486520058060001;
00906677520098060001;
00942962820078060001;
00949669520098060001;
00971728220098060001;
00630696420008060001;
02007106720228060084;
00000670920168060180;
00003332520188060180;
00006476520188060181;
00006727820188060181;
01934240620168060001;
04153289820168060001;
00002158720178060211;
00009398420008060212;
00010393920008060212;
00022926220008060212;
00027083020008060212;
00000310220158060212;
00001379220148060213;
00000754720178060213;
00087447120178060122;
00027176120118060032;
00032900220118060032;
00035479020128060032;
00034834620138060032;
00037874520138060032;
00042533920138060032;
00185158820178060117;
02016520220228060084;
02002616620238060087;
02002856020248060087;
00009656920008060087;
00012125020008060087;
00035991820128060087;
02058767220218060001;
02006031520228060119;
02004967620228060181;
02005348820228060181;
02007288820228060181;
02008839120228060181;
02009271320228060181;
02009851620228060181;
02009869820228060181;
02010163620228060181;
02010310520228060181;
02010674720228060181;
02000556120238060181;
02001898820238060181;
02002236320238060181;
02002400220238060181;
02003258520238060181;
03157165220008060001;
03222943120008060001;
03331530920008060001;
03336606720008060001;
03355547820008060001;
03482877620008060001;
00360610520068060001;
03634941820008060001;
03638787820008060001;
03641186720008060001;
03684862220008060001;
03842479320008060001;
03857834220008060001;
03873592120108060001;
03874211320008060001;
03887401620008060001;
03986822320108060001;
04009145720008060001;
00296274920178060151;
00440319120178060091;
00005131420188060092;
00001121520188060092;
00006851920198060092;
00007363020198060092;
00442965320098060001;
02130731020238060001;
02130965320238060001;
00000778020158060150;
00003246120158060150;
00002151320168060150;
00002471820168060150;
00000356020178060150;
00137686020168060043;
00144614420168060043;
00164058120168060043;
01638518320178060001;
01639765120178060001;
01647837120178060001;
00378039420118060064;
00397343520118060064;
02009475620228060099;
02002872820238060099;
02006199220238060099;
01866346920178060001;
01872244620178060001;
00044730620198060136;
00023100720198060119;
00032134220198060119;
00034629020198060119;
02025207020228060151;
02027276920228060151;
00515998520218060167;
00519652720218060167;
00523272920218060167;
