00115071620248060117;
02022109820248060117;
00101666220248060049;
00101890820248060049;
02004079020248060049;
02005375020248060156;
02006232120248060156;
02007401220248060156;
02007505620248060156;
02007591820248060156;
02007817620248060156;
02007999720248060156;
02008042220248060156;
02008389420248060156;
02010225020248060156;
02010761620248060156;
02010788320248060156;
02010779820248060156;
02010909720248060156;
00020030620008060156;
02003508320228060068;
02000222220238060068;
02000534220238060068;
00005584520198060104;
00055541220198060064;
02012333920238060086;
02013641420238060086;
00990555220158060034;
00478651620168060034;
00489390820168060034;
00493046220168060034;
00497462820168060034;
00197678420178060034;
00005544920048060034;
00512829120218060101;
00517583220218060101;
00517591720218060101;
00518033620218060101;
00519965120218060101;
00521177920218060101;
00521498420218060101;
00521523920218060101;
00171055220188060119;
00023323720188060075;
02002905620228060086;
02004940320228060086;
02006318220228060086;
02006907020228060086;
02007089120228060086;
02008734120228060086;
00096589520148060137;
00084279620158060137;
00092731620158060137;
00112890620168060137;
00111896720168060164;
00123268420168060164;
00123874220168060164;
00129954020168060164;
00117964620178060164;
00120476420178060164;
00120813920178060164;
00120866120178060164;
00120979020178060164;
00120987520178060164;
00122312020178060164;
00122347220178060164;
00123325720178060164;
00123447120178060164;
00126434820178060164;
00219119220188060164;
02843006020238060001;
02843534120238060001;
02296079220248060001;
00197223820248060001;
02296286820248060001;
00197709420248060001;
02732746520238060001;
02736123920238060001;
02736894820238060001;
02738878520238060001;
01632219520158060001;
01635760820158060001;
01641529820158060001;
02137313920208060001;
02137322420208060001;
02137678120208060001;
01926800620198060001;
01930412320198060001;
01933651320198060001;
04569355320008060001;
04583498620008060001;
04586997420008060001;
02024208020228060001;
02351386220248060001;
01231799620188060001;
01232916520188060001;
01239784220188060001;
01245076120188060001;
01246461320188060001;
02039298020218060001;
01550678820158060001;
01559365120158060001;
00696481820068060001;
00746619520068060001;
00759531820068060001;
00778351520068060001;
00787860920068060001;
00807451520068060001;
00817126020068060001;
00834100420068060001;
00859563220068060001;
00875810420068060001;
00878902520068060001;
00909881820068060001;
00930035720068060001;
02082210620248060001;
04520102820118060001;
04529084120118060001;
04612001520118060001;
04615137320118060001;
04627409820118060001;
04638226720118060001;
01218752820198060001;
02047342820248060001;
01534697020138060001;
01537632520138060001;
01543773020138060001;
01547133420138060001;
01568083720138060001;
01576753020138060001;
02452511220238060001;
02456556320238060001;
00033184020188060091;
00043508020188060091;
00046322120188060091;
02527869420208060001;
00515481920208060035;
00523627420218060171;
02000648720228060171;
02555931920228060001;
02556166220228060001;
02560167620228060001;
00425270520128060001;
00448767820128060001;
01658798720188060001;
02562586920218060001;
00977423920078060001;
00980963020088060001;
00982447520078060001;
00986032520078060001;
00991465720098060001;
01228230920158060001;
01239265120158060001;
01240945320158060001;
02162886220218060001;
09084783920148060001;
09105448920148060001;
02711459220208060001;
02717685920208060001;
02635021520228060001;
00019551520068060034;
00005709020108060034;
00064864320008060071;
04750983220108060001;
01724833520168060001;
01731900320168060001;
02652086720218060001;
01207497420188060001;
01223354920188060001;
01224766820188060001;
01226342620188060001;
00002695920178060209;
00001081720158060210;
00001445920158060210;
02113364020218060001;
02134210920158060001;
02134583620158060001;
02140022420158060001;
02151957420158060001;
02155542420158060001;
02155152720158060001;
02156859620158060001;
02902034720218060001;
02902493620218060001;
05131106720008060001;
00513325420068060001;
05147536020008060001;
02690595220008060001;
02692604420008060001;
02694085520008060001;
02696180920008060001;
02711398620008060001;
00272999220098060001;
00273827920078060001;
00273944020008060001;
02750890620008060001;
02756450820008060001;
02779211220008060001;
00004121320148060190;
00006229320168060190;
00009439420178060190;
02432563220218060001;
02433273420218060001;
02436642320218060001;
02440167820218060001;
02442340920218060001;
02653832720228060001;
02653928620228060001;
01653429620158060001;
01764592620118060001;
05711987820128060001;
06739121920128060001;
00675595620058060001;
00675858320078060001;
06774659420008060001;
06798995620008060001;
02198870920218060001;
02201573320218060001;
08821662620148060001;
08828739120148060001;
08837373220148060001;
08837884320148060001;
08839824320148060001;
08857240620148060001;
02279984520228060001;
02712795120228060001;
02187756820228060001;
02188969620228060001;
02065999120218060001;
04168558520168060001;
02317993720208060001;
02323380320208060001;
02326160420208060001;
02426523720228060001;
02900671620228060001;
02903832920228060001;
02906258520228060001;
01779465020198060001;
00130319620108060001;
01307697620088060001;
00134750320088060001;
01364205520098060001;
01365175520098060001;
00141563620098060001;
01038056020198060001;
01716912320128060001;
01742245220128060001;
01755825220128060001;
01986490220198060001;
01987443220198060001;
02103598220208060001;
07743870320008060001;
07772580620008060001;
07795271820008060001;
07832617420008060001;
01533218320188060001;
01536907720188060001;
00432253120008060001;
00432327620078060001;
04328068120008060001;
00435133220078060001;
04365884720108060001;
04370046420008060001;
04378265320008060001;
04378611320008060001;
04379252320008060001;
01957641520198060001;
01961954920198060001;
02133300620218060001;
02136262820218060001;
00328338520078060001;
03285940920008060001;
00328701520078060001;
03298291120008060001;
00331805520068060001;
03338503020008060001;
03363056520008060001;
03381841020008060001;
03413808520008060001;
01102572320188060001;
01103828820188060001;
02416081720218060001;
01235737420168060001;
01239114820168060001;
07947259520008060001;
07954594620008060001;
07969006220008060001;
00800777820058060001;
04038384120008060001;
04038773820008060001;
00404794920078060001;
04077136720108060001;
04085013320008060001;
04097835720108060001;
04105976920108060001;
01878033320138060001;
01890358020138060001;
04465002020008060001;
00448586720068060001;
04486454920008060001;
04525393320008060001;
04532755120008060001;
02530310820208060001;
02534217520208060001;
00895046520068060001;
00089780920098060001;
00903533220098060001;
00905439720068060001;
00907190820088060001;
00913793620078060001;
00916496020078060001;
00092226920088060001;
00932758020088060001;
02682583820208060001;
02889871720228060001;
02892245120228060001;
01519945520088060001;
01521227520088060001;
01521625720088060001;
00153016420088060001;
00158870920058060001;
02081463520228060001;
01009680820148060001;
01014176320148060001;
01016462320148060001;
01016558220148060001;
01016765820148060001;
01018463020148060001;
00308819520128060001;
01041156620198060001;
01048977320198060001;
01010177320198060001;
01012584720198060001;
01016932120198060001;
02671417520218060001;
02672249120218060001;
01651148720168060001;
01652265620168060001;
01663247620168060001;
01666625020168060001;
02166514920218060001;
02167874620218060001;
02429003720218060001;
02429064420218060001;
02430294220218060001;
02430779820218060001;
02582128720208060001;
00097793720008060001;
00119644820008060001;
00133553820008060001;
00135242520008060001;
00136740620008060001;
00138420820008060001;
00139469720008060001;
00140647320008060001;
00201332420008060001;
00256865220008060001;
00257003620008060001;
00257384820008060001;
00262572320008060001;
00303867120008060001;
00308197520008060001;
00324955820008060001;
00414958220008060001;
00436618720008060001;
00491519020008060001;
00516850720008060001;
00519890620008060001;
00524507520008060001;
00537220720008060001;
00539438720008060001;
00557720620008060001;
00664013920008060001;
01196726020008060001;
01545016720008060001;
01650669020008060001;
02019764720228060001;
02325318120218060001;
02328687020218060001;
00048045920068060001;
04859368320008060001;
04860987820008060001;
00488027220098060001;
08007202020228060001;
02015218220228060001;
00399751820228060001;
02847547420228060001;
02852284520228060001;
02853514320228060001;
02040755820208060001;
02041483020208060001;
06018449020208060001;
01751918720188060001;
01753450820188060001;
04036525120198060001;
01242864420198060001;
01244337020198060001;
01619686720188060001;
01624528220188060001;
00753053320098060001;
07534974320008060001;
07551698620008060001;
07555595620008060001;
00756437520078060001;
03642814720008060001;
02070640320218060001;
02071463420218060001;
01655857920118060001;
01668788420118060001;
02433980220228060001;
01280955720108060001;
01363148320158060001;
01365677120158060001;
02662837820208060001;
02665842520208060001;
02666345120208060001;
02051301020218060001;
02051786620218060001;
00019618720078060001;
00196674920088060001;
01916027420198060001;
01916235020198060001;
01921085020198060001;
02568978720218060001;
01445230720168060001;
01453112120168060001;
01458031320168060001;
01460023520168060001;
01464362420168060001;
01466017120168060001;
02610128820208060001;
02618641520208060001;
02468340320218060001;
07107975220008060001;
00715093920068060001;
02249484520218060001;
01346605620188060001;
02064873520158060001;
01761510920198060001;
01762239320198060001;
01733269220198060001;
01738318320198060001;
01742527320198060001;
01513873720118060001;
02052380520228060001;
06481103920008060001;
00648181920008060001;
00648259820068060001;
06512179120008060001;
02776567220218060001;
02077058820218060001;
02077509220218060001;
02081735220218060001;
02223611620228060001;
02225075720228060001;
09212555620148060001;
00524671420008060001;
02905152320218060001;
01816021520198060001;
01816333520198060001;
01816610320198060001;
01169003120178060001;
01175715420178060001;
01178348620178060001;
01602994220198060001;
01603886520198060001;
01412071520188060001;
01412634820188060001;
08710112620148060001;
08717396720148060001;
08732093620148060001;
02001857720218060001;
02001926920218060001;
01981120620198060001;
02722541020218060001;
01038252720148060001;
01044141920148060001;
01097946720078060001;
00111444820088060001;
00115859220098060001;
02123019620138060001;
02125010620138060001;
02125634620138060001;
00546735420078060001;
05472538220008060001;
05508185420008060001;
00552153820088060001;
00553358620058060001;
05534132620008060001;
00555043420098060001;
05557940720008060001;
00557896120088060001;
05579887720008060001;
00558528620088060001;
05599989420008060001;
00561550820058060001;
01065923820148060001;
09032828820148060001;
09032837320148060001;
02395284620228060001;
08511167920148060001;
