00097719220118060092;
00098186620118060092;
00099433420118060092;
00101122120118060092;
00101130620118060092;
00101157320118060092;
00101165820118060092;
00101182820118060092;
00101191320118060092;
00101295720118060092;
00101312720118060092;
00101347920118060092;
00101417120118060092;
00101425620118060092;
00101451120118060092;
00101477820118060092;
00101486320118060092;
00101503320118060092;
00101624720118060092;
00101676920118060092;
00101710920118060092;
00101746120118060092;
00101771620118060092;
00101806820118060092;
00101823820118060092;
00101832320118060092;
00101859020118060092;
00101876020118060092;
00101893020118060092;
00101970720118060092;
00102014420118060092;
00102058120118060092;
00102222020118060092;
00102257220118060092;
00102265720118060092;
00102274220118060092;
00102326420118060092;
00102334920118060092;
00102360420118060092;
00102793820118060092;
00109965020118060092;
00111264020118060092;
00112360520128060092;
00115565520128060092;
00116437420138060092;
00117944020138060092;
00014797320198060081;
00015021920198060081;
00001849320188060094;
00000128720188060083;
00300106620198060083;
00076864620198060095;
00593172920198060095;
00508936020218060084;
02022715620228060075;
02023702620228060075;
02001640520238060075;
00501351020208060119;
00502408420208060119;
00052433420148060084;
00052450420148060084;
00061050520148060084;
00054621320158060084;
00056969220158060084;
00062182220158060084;
00062485720158060084;
00063438720158060084;
00066772420158060084;
00084004420168060084;
00080121020178060084;
00080502220178060084;
00094429420178060084;
00095944520178060084;
00101071320178060084;
00101357820178060084;
00101452520178060084;
00101626120178060084;
00014637820028060158;
00014793220028060158;
00137777020138060158;
00016582920038060158;
00006871020048060158;
00018770820048060158;
00021274120048060158;
00005620820058060158;
00008237020058060158;
00010782820058060158;
00011951920058060158;
00020769320058060158;
00084478220168060095;
02000541020228060085;
00002846120078060085;
00102356520208060104;
00102365020208060104;
00101383120218060104;
00503076020218060104;
00025560520198060086;
00501654720208060086;
01007884220158060167;
01034204120158060167;
00505399420218060032;
00128554920138060119;
00118566220148060119;
00126100420148060119;
00122047720178060086;
00124949220178060086;
00144720720178060086;
00233179120188060086;
01062862220158060167;
00033592920148060032;
00038001020148060032;
00038356720148060032;
00049912220168060032;
00054598320168060032;
00056104920168060032;
00056381720168060032;
00052030920178060032;
00055053820178060032;
00055131520178060032;
00055175220178060032;
00055200720178060032;
00055227420178060032;
00055244420178060032;
00055252920178060032;
00099670420188060032;
00561856820218060167;
02006539320228060037;
00510337720208060101;
00510589020208060101;
00513134820208060101;
00513151820208060101;
00516027820208060101;
00516279120208060101;
00517360820208060101;
00390966520128060064;
00396466020128060064;
00423626020128060064;
00025416420038060064;
00025551220198060121;
00029483620178060046;
00036204420178060046;
00036897620178060046;
00036906120178060046;
00056935220188060046;
00057021420188060046;
00057108820188060046;
00057142820188060046;
00058468520188060046;
00058485520188060046;
00100935620188060096;
00100952620188060096;
00101541420188060096;
00103550620188060096;
00453425420178060112;
00456153320178060112;
00462163920178060112;
00467204520178060112;
00468650420178060112;
00490051120178060112;
00505554120178060112;
00033264320168060105;
00460941620148060117;
00465896020148060117;
00475795120148060117;
00880109320158060117;
00882828720158060117;
00062101620168060050;
00055577720178060050;
00056876720178060050;
00056902220178060050;
00056928920178060050;
00056945920178060050;
00056962920178060050;
00057803020178060050;
00059579120178060050;
00059743020178060050;
00059812220178060050;
00059838920178060050;
00059855920178060050;
00059968820178060050;
00059977320178060050;
00001336320188060068;
00003908820188060068;
00004384720188060068;
00005447220198060068;
00500897720208060068;
00500825120218060068;
00501648220218060068;
00503839520218060068;
00504895720218060068;
02010937220228060075;
00206962920188060052;
00008485320188060053;
00010113320188060053;
00541302120198060069;
00500022120208060069;
00502092020208060069;
00502768220208060069;
00113730720128060053;
00117143320128060053;
00117905720128060053;
00115547120138060053;
00095269620148060053;
00488297720148060034;
00507567820148060034;
00509290520148060034;
00510052920148060034;
00514504720148060034;
00962156920158060034;
00968626420158060034;
00975286520158060034;
00975961520158060034;
02006935720228060140;
02006551120238060140;
02009042920228060032;
02002111120238060032;
02002362420238060032;
02018832120228060119;
00502884020218060044;
02003011720228060044;
02003185320228060044;
00002763720128060044;
00010584420128060044;
00010697320128060044;
00057250220128060100;
00058653620128060100;
00051116020138060100;
00967422120158060034;
00486438320168060034;
02002903720228060157;
02004514720228060157;
00504229220208060047;
00503766920218060047;
02003158920228060047;
02004215120228060047;
02001171820238060047;
02001133520248060050;
00101154820248060050;
00101171820248060050;
00101449820248060050;
00101483820248060050;
02021413120228060119;
00286225820188060053;
00172568620168060119;
00181875520178060119;
00123000220148060053;
00124542020148060053;
00118693120158060053;
00507169220218060053;
00000762720188060171;
00015595820198060171;
00508013620218060164;
00095494220148060053;
00100933020148060053;
00100959720148060053;
02010545720228060081;
02010658620228060081;
02001145820238060081;
00114963320108060034;
00074755120128060096;
00075144820128060096;
00072059020138060096;
00068978320158060096;
00075412620158060096;
00052058920178060060;
00050029320188060060;
00001935720188060061;
00002507520188060061;
00007389320198060061;
00500547220208060083;
00502547920208060083;
00502310220218060083;
00502389120218060083;
02001130420228060083;
00100788720228060083;
00115984020198060034;
00116910320198060034;
00117811120198060034;
00119067620198060034;
00501244220208060034;
00032663220148060108;
00039782220148060108;
02011508720228060173;
02014574120228060173;
02014739220228060173;
02017865320228060173;
02019346420228060173;
00020559620138060139;
00019297520158060139;
00025795420178060139;
00010988220198060140;
00012867520198060140;
00200146720198060140;
02002852920238060141;
08000163820238060141;
02002650420248060141;
01300828420178060001;
01301884620178060001;
01302161420178060001;
01305444120178060001;
01306128820178060001;
01311108720178060001;
01316539020178060001;
02817696920218060001;
00101138720128060086;
00082619120138060086;
00098398920138060086;
00100355920138060086;
00084451320148060086;
00087604120148060086;
00026608520168060123;
00514022620218060137;
02000657720228060137;
01813738920188060001;
02011120520228060164;
00097154720178060028;
00098722020178060028;
00094397920188060028;
00009397320008060151;
00063708820008060151;
00020761720058060151;
00039992720008060160;
00039535220118060160;
01100524620198060037;
00501442420208060037;
00051937720118060095;
00224791120188060164;
00014061020008060165;
00005601220088060165;
00024328620138060165;
00029126420138060165;
00023952520148060165;
00024515820148060165;
00037803720168060165;
00000850420188060166;
00107574020228060034;
01586597220178060001;
01557234020188060001;
01559356120188060001;
01561564420188060001;
00099446020198060117;
00105871820198060117;
00105811120198060117;
00106539520198060117;
08877256120148060001;
08881249020148060001;
08886038320148060001;
08890195120148060001;
08892160620148060001;
04185382220008060001;
04209181820008060001;
00433051420088060001;
04371536020008060001;
04391048920008060001;
04417126020008060001;
04549816920008060001;
04943394120008060001;
04960334520008060001;
05050917220008060001;
05290350620008060001;
00567231920088060001;
02180551920138060001;
02182613320138060001;
02192417720138060001;
02193569820138060001;
00633568020078060001;
06711651920008060001;
06721889720008060001;
07290014720008060001;
02363229220208060001;
05319745620008060001;
00667558320088060001;
01089476520078060001;
02397349420218060001;
02400406320218060001;
02400942920218060001;
00530329420088060001;
05322136020008060001;
05327098920008060001;
00532919420058060001;
05330311220008060001;
02372492420218060001;
00090604520068060001;
00924995120068060001;
01085561320078060001;
01198113120088060001;
00130645720088060001;
00222659820178060117;
00326978920118060117;
00336210320118060117;
00343944820118060117;
00362115020118060117;
00367519820118060117;
00721768820078060001;
07223820420008060001;
07227033920008060001;
00072344220108060001;
00728105520058060001;
07321781920008060001;
07351947820008060001;
01675940420178060001;
01678296820178060001;
01689105220178060001;
01337758620118060001;
01364952620118060001;
01191749420198060001;
01288916720188060001;
01289245720188060001;
01301639620188060001;
02109253120208060001;
02172964020228060001;
05572040320008060001;
01741667320178060001;
02462359820208060001;
02462714320208060001;
02469617220208060001;
00014226320068060064;
00037619220068060064;
00048687420068060064;
00101024220008060001;
01016778720078060001;
01028776120098060001;
01032148420088060001;
01575785920158060001;
01614309120158060001;
00423796220138060064;
00095968620198060167;
00096530720198060167;
02009003720128060001;
00378286820128060001;
02145256120008060001;
02294826720008060001;
02309523620008060001;
00237346220058060001;
02681536220008060001;
00286908220098060001;
01666434920138060001;
01671207220138060001;
01673467720138060001;
02095998020138060001;
02114419520138060001;
01436714620178060001;
01439148720178060001;
01442266320178060001;
01445262520178060001;
06227691120008060001;
06246719620008060001;
06277204820008060001;
06277975720008060001;
06279283220008060001;
06290239720008060001;
06309933520008060001;
01344559020198060001;
01352820420198060001;
01356761120198060001;
00004201720188060168;
05733606620008060001;
05772891020008060001;
05792473120008060001;
00580255420068060001;
01844483920188060001;
01846147120188060001;
01856842620188060001;
06570846520008060001;
00741263520078060001;
07647234520008060001;
06377720620008060001;
06444149220008060001;
03914301820008060001;
00662483020058060001;
06668590720008060001;
06744225220008060001;
00690332320098060001;
07087553020008060001;
07234118920008060001;
00073655120098060001;
00151341520178060136;
02269398520238060001;
02269589120238060001;
02271814420238060001;
00576693120178060112;
02347595820238060001;
00991836920158060035;
00471991220168060035;
00492361220168060035;
00492560320168060035;
00497636120168060035;
00053097720148060160;
00069867420168060160;
00082538120168060160;
05434783920128060001;
05474268620128060001;
05504173520128060001;
05513735120128060001;
00101096620238060053;
02003145220238060053;
02004687020238060053;
02507732520208060001;
02509508620208060001;
02511197320208060001;
02512444120208060001;
