00048719820158060036;
00048849720158060036;
00049022120158060036;
00049057320158060036;
00049074320158060036;
00049091320158060036;
00049160520158060036;
00070670720168060036;
00527487220218060117;
08670013620148060001;
08661413520148060001;
00504349320218060137;
00507536120218060137;
00511416120218060137;
02001360320248060075;
02002157920248060075;
02002304820248060075;
02002599820248060075;
02002928820248060075;
02003361020248060075;
00105028520248060075;
02004288520248060075;
02004548320248060075;
02004755920248060075;
02004850620248060075;
00036765220168060098;
00038939520168060098;
00033375920178060098;
00033774120178060098;
00038320620178060098;
00039845420178060098;
02015477820228060034;
00107597720248060086;
02010027520248060086;
02010088220248060086;
02013015220248060086;
02013457120248060086;
02014383420248060086;
00007336020008060086;
00503105320218060156;
02003605720228060156;
02005432820228060156;
02044323920248060117;
02044782820248060117;
00138204720248060117;
00138273920248060117;
00138282420248060117;
02049320820248060117;
02050309020248060117;
00143236820248060117;
02012135120228060064;
08000291120228060064;
02022025720228060064;
02025160320228060064;
02002157420228060164;
02006123620228060164;
00105686020228060164;
02002012420248060131;
00101306520248060131;
02003562720248060131;
00101912320248060131;
00008033920008060131;
00001952620098060131;
00023717020128060131;
00024029020128060131;
00025792020138060131;
00025899320158060131;
00036987420178060131;
00001088720188060185;
00105016520248060119;
00155177920178060075;
00162816520178060075;
00165890420178060075;
02010042020248060062;
00110176220248060062;
00110314620248060062;
00045986620008060062;
00046619120008060062;
00073423420008060062;
00076004420008060062;
00082985020008060062;
00083288520008060062;
02007156320238060049;
00104085520238060049;
02000605720248060049;
02011646620238060034;
00100596920248060032;
00100925920248060032;
00102285620248060032;
00102822220248060032;
00102830720248060032;
00102848920248060032;
00102857420248060032;
00102891420248060032;
00102960620248060032;
00103048020248060032;
00103341820248060032;
00103446220248060032;
00103454720248060032;
00103480220248060032;
02004819820248060032;
00103662320248060032;
00018834420008060032;
00019362520008060032;
00005034420048060032;
00007132720068060032;
00008016020098060032;
02001588320248060100;
00101289120248060100;
02003086420248060100;
00106210520238060100;
00102535920248060100;
02004766620248060100;
02004957220248060100;
02012864520248060034;
02015783020248060034;
00004176720048060034;
00501498820218060141;
00503992420218060141;
02000604320228060141;
02000864120228060141;
00618895620168060064;
00642443920168060064;
00019405320048060119;
00003786720088060119;
00110104520148060119;
00004477520038060119;
00004988620038060119;
00018057520038060119;
00002920420058060119;
02000668020228060034;
02001984020228060034;
02004097620228060034;
02016321220238060137;
02001742320248060137;
02010333920248060137;
02010949420248060137;
00111758620248060137;
00114867720248060137;
02013832720248060137;
02014508920248060137;
02015071020248060137;
00120003020248060137;
00120011520248060137;
02015322320248060137;
00051795020008060137;
00104801220238060156;
08000027220248060156;
02001928420248060156;
02002230720248060156;
02054668320238060117;
02056443220238060117;
02057855120238060117;
02019628720248060035;
02021066120248060035;
02022451320248060035;
02022702620248060035;
02022780320248060035;
02022989120248060035;
00109931820248060035;
02024036820248060035;
00002395720008060035;
00011706020008060035;
00014511620008060035;
00017976420008060035;
00028776320008060035;
00034856120008060035;
00036605520008060035;
02001738520238060068;
02002023820238060068;
02003158920238060068;
02000964220248060068;
02001345420248060068;
00034484120148060068;
00042261120148060068;
00044149620178060068;
00049544720178060068;
00088631820158060117;
00119440920128060075;
00120238520128060075;
00105632920138060075;
02051474620248060064;
02052851320248060064;
02054652920248060064;
02057346820248060064;
00329267820138060117;
00337260920138060117;
00422924420138060117;
00427506120138060117;
00461179320138060117;
02013942420238060062;
00100579720148060049;
00113016120148060049;
00094548720158060049;
00100922320158060049;
00104378620158060049;
00104412620158060049;
00141962420168060049;
00100742220238060178;
00100976520238060178;
00103167820238060178;
00100384320248060178;
00101371320248060178;
02004226020248060178;
02004572020248060178;
02004754120248060178;
02009923520248060117;
02006037220228060100;
02006192620228060100;
02001313720238060100;
00200395920198060147;
01626733620168060001;
01627131820168060001;
00010494720068060156;
00010266720078060156;
00043667720118060156;
00044481120118060156;
00050601220128060156;
00054602620128060156;
00048632320138060156;
00049082720138060156;
00053586720138060156;
00047390620148060156;
00049910920148060156;
00050517920148060156;
00056995920148060156;
00060361420158060156;
00061245220158060156;
00070491420168060156;
00078018320168060156;
02000286920248060108;
02000710620248060108;
02002486720248060108;
00013146520188060047;
00015623120188060047;
00018334020188060047;
00104065120248060049;
00104090620248060049;
00104247220248060049;
00104689120248060049;
00105173520248060049;
00105424820248060049;
00104957420248060049;
00003343520068060049;
00005136620068060049;
00007839020068060049;
00002673620078060049;
00000920820088060049;
00001276520088060049;
00003822320088060049;
00011322520088060049;
00001013320098060049;
00101048420208060203;
00101056920208060203;
00102701920208060203;
00102737120208060203;
00103152320208060203;
00101019520218060203;
00006332420048060100;
00007397820078060100;
00007599820098060100;
00040472020108060100;
00041915720118060100;
00046990320118060100;
00051996920118060100;
00056422020118060100;
00052227820128060100;
02012323220228060137;
02001988520238060137;
00534273720218060064;
00543757620218060064;
00550296320218060064;
02007276520238060053;
02012317120238060053;
02023348020238060064;
02031307120238060064;
02008867720248060051;
00103813220248060051;
00103865420248060051;
00069408320008060051;
00075947020008060051;
02004562320248060182;
02009127020248060182;
00005204720068060182;
00104525620248060173;
02014481120248060173;
02014541820248060173;
02016837520248060173;
02016228020238060035;
02016877520238060035;
02017206520238060035;
02017518520238060035;
02018419320238060035;
00110082120238060035;
02020783020238060035;
00110836020238060035;
00100648220248060035;
02002675420248060179;
02002761620248060179;
02002849020248060179;
02002963520238060084;
02002980520238060084;
02002972020238060084;
02005198520238060084;
02001844220238060092;
02004858620238060092;
00509815320218060099;
02002779220248060084;
02014841920248060055;
02015872620248060055;
00101360720238060067;
02003138820248060067;
02004021420248060067;
02011537420248060075;
02011692820248060075;
08000239720248060075;
00112614920248060075;
00113178220248060075;
02012775720248060075;
00113836220248060075;
00114338820248060075;
00114286620248060075;
00115057520248060075;
00114789220248060075;
02014420720248060075;
02014629520248060075;
00101545520238060058;
02013379120238060163;
02013456820238060163;
02013586720238060163;
02014418320238060163;
02014513020238060163;
02014868720238060163;
02014885720238060163;
02001172420248060163;
02001484420248060163;
02001943320248060163;
02003935520248060163;
02004239020248060163;
02004870320248060163;
02004957720248060163;
00019272020138060093;
00027326520168060093;
00027124020178060093;
02003004020248060051;
00503821820218060034;
00506212220218060034;
00509226620218060034;
00512067420218060034;
02016917020248060167;
02018570520248060167;
00009124720008060133;
00027996620008060133;
00054216920108060133;
00054225420108060133;
00055091020108060133;
00057322620118060133;
00058469120138060133;
00061526020138060133;
00093171320168060133;
00091826420178060133;
00094598020178060133;
00098417320178060133;
00178603420188060133;
00503036520218060090;
00503495420218060090;
00505590820218060090;
00106086620248060101;
02004366820248060170;
02004574420248060170;
02004748020248060170;
02004825720248060170;
02005146220248060170;
02005492220248060170;
02005518920248060170;
02005561420248060170;
02005596620248060170;
00042441720148060170;
00046206620158060170;
00088234120198060167;
01119764020188060001;
01121513420188060001;
01124943020188060001;
01130892920188060001;
01131421020188060001;
02001858020248060160;
00045422320168060078;
00046115520168060078;
02025709520248060064;
02031209020248060064;
00021605020178060069;
00021917020178060069;
00023467320178060069;
00023484320178060069;
00023804820178060069;
00023848520178060069;
00023909220178060069;
00023951720178060069;
00024056120178060069;
00024064620178060069;
00024177520178060069;
00024697120178060069;
00026316620178060069;
00026498720178060069;
00026706320178060069;
00027043820178060069;
00027615620178060069;
00027789220178060069;
00029754720178060069;
00030326520178060069;
00033297220178060069;
00033521820178060069;
00032011820188060069;
00032575120188060069;
00034688720188060069;
00036610520188060069;
02004324620228060123;
00000578320098060123;
00016608920128060123;
02240722820008060001;
00289990620098060001;
00302327220088060001;
00324131220098060001;
00405112020088060001;
04074312920108060001;
04097883120008060001;
04373398320008060001;
04818142720008060001;
04837777020008060001;
04869665620008060001;
02014396720248060070;
02015911820248060070;
02016215320248060070;
02016345220248060070;
02016449620248060070;
02016431420248060070;
00104709520248060070;
00104718020248060070;
02017315220248060070;
02017522820248060070;
00068663920188060167;
02003944620248060064;
02004178920248060064;
00109569820248060064;
00114705120248060064;
02013809720248060064;
02003620720248060140;
02003672920248060140;
02004106320248060140;
02004131820248060140;
02005336120248060140;
00104802620248060140;
02000899120258060140;
00028115920008060140;
00064182620138060140;
00004395920088060140;
00015311120108060073;
00027788020178060073;
02002298320248060133;
02002851920248060133;
02091767620208060001;
02000874020238060028;
02003819220238060028;
00504153120208060070;
00509428020208060070;
00003602420198060034;
00011804320198060034;
00015147720198060034;
00014012620198060034;
00112017820198060034;
00112026320198060034;
00112269120198060034;
02002477820238060056;
02004097320238060056;
00102317020238060056;
02000620620248060056;
02005063920248060056;
00520559020218060084;
00523312420218060084;
02061115520238060167;
02062994820238060167;
02064787920238060167;
02003180420248060167;
02003561620248060167;
02011781320248060035;
02012171020248060035;
00105775020248060035;
02014362320248060035;
00106935620248060035;
00107333820248060035;
02017584320248060035;
02004908720248060120;
00051170220168060120;
00003198120058060120;
02002809220248060069;
02002851720248060069;
00100959720248060069;
02003008320248060069;
02003077520248060069;
02003086020248060069;
02003276620248060069;
