02516298620208060001;
02517700820208060001;
00124946520168060171;
00125881320168060171;
00131598120168060171;
00131623620168060171;
00129499320178060171;
00132799020178060171;
00138558320178060171;
00153133820178060171;
00153800320178060171;
00156113020178060171;
04914017320008060001;
04927909320008060001;
04931555020008060001;
00493494920088060001;
04935998320008060001;
00496157020078060001;
04974312720008060001;
05032946120008060001;
05035674020008060001;
00503832520098060001;
05040559220008060001;
05059880320008060001;
05064713320008060001;
00457592520128060001;
00461351120128060001;
00464304820128060001;
00473770520128060001;
00478196820128060001;
00480189020128060001;
00480881020128060001;
00483679320128060001;
00103042820118060035;
00103926620118060035;
00104689020118060035;
00105961320118060035;
00122128620128060035;
00122171120128060035;
00131967020128060035;
03931250720008060001;
03960949220008060001;
03982436120008060001;
04005179520008060001;
04023132420008060001;
04034893820008060001;
04050639620008060001;
04058043920008060001;
04064963820008060001;
04085610620008060001;
04098723220008060001;
04099121420008060001;
04107756720008060001;
04116356820008060001;
04131114420008060001;
04135141320008060001;
02245491120248060001;
02334515020248060001;
02335797020248060001;
00501323620218060114;
00501549420218060114;
00501817720218060114;
00501860220218060114;
00502077520218060114;
00504172920218060114;
00510374120218060114;
02067434620138060001;
02084236620138060001;
02076996220138060001;
02092160520138060001;
01468049220008060001;
02248156620228060001;
04931617120118060001;
02600177520208060001;
02601242220208060001;
02602654120208060001;
01198096120088060001;
01205500420088060001;
01244811520088060001;
01250120420088060001;
01323598820088060001;
01404689120088060001;
01411201120088060001;
01464594820088060001;
01472302620088060001;
01490013920088060001;
01519763420088060001;
02435412020248060001;
02045426620228060001;
00313898520058060001;
00374193920058060001;
00379546520058060001;
00383305120058060001;
00386552620058060001;
00428289320058060001;
00436317620058060001;
00476901020058060001;
00490819720058060001;
00504797920058060001;
01180016920188060001;
01183151520188060001;
01187006020188060001;
01193094320188060001;
01200213320188060001;
01925646820178060001;
01926581620178060001;
00016466320248060001;
02466893920248060001;
00959098320078060001;
00971222720078060001;
00974955820078060001;
01014327620078060001;
01110253220078060001;
00045354920088060001;
00079650920088060001;
00082717520088060001;
00156921920088060001;
00031174220158060127;
00034318520158060127;
00048423220168060127;
00043613520178060127;
00045649420178060127;
08348553920148060001;
00036338720188060117;
04971075120118060001;
04980169320118060001;
04984204720118060001;
04984837220118060001;
04984854220118060001;
04990691220118060001;
04994139020118060001;
02497969120248060001;
02498289620248060001;
02680297320238060001;
02685528520238060001;
02685891520238060001;
02686324920238060001;
02687173520238060001;
02013082320228060051;
02003527020238060051;
02014045720238060001;
02019034120238060001;
02627804420238060001;
02632004920238060001;
00874428120088060001;
00876390720068060001;
00876685720068060001;
00883354320068060001;
00885439020078060001;
00885672120078060001;
00887283120078060001;
02091480620238060001;
02096114520238060001;
02096252920238060001;
02097188920238060001;
02260489820228060001;
02262239220228060001;
02264655120228060001;
07086289220008060001;
07089241720008060001;
07169414220008060001;
07210319320008060001;
07256982520008060001;
07291261520008060001;
07311346220008060001;
07332642520008060001;
07346699620008060001;
07365683220008060001;
02539586620238060001;
00316701120238060001;
02545216020238060001;
02548117520238060001;
02163729220238060001;
02167115120238060001;
02687685220008060001;
02694492220008060001;
02726121020008060001;
02733587220008060001;
02743685420008060001;
02753688920008060001;
02790808720008060001;
02792973320008060001;
02850705920008060001;
02869464920008060001;
02915323220008060001;
02917818020008060001;
02933398720008060001;
02976242620008060001;
02982167020008060001;
02996803220008060001;
03004935920008060001;
03022040220008060001;
03041787420008060001;
03049807220008060001;
02444873120208060001;
02315854120238060001;
02316616520238060001;
02318548020238060001;
02362538920228060001;
02552092720208060001;
02552387720208060001;
02556024920208060001;
02556259220208060001;
09072491520128060001;
09098188620128060001;
09099911320128060001;
01958156520158060001;
01958883720158060001;
01961655320158060001;
01972576620158060001;
01858860820158060001;
01864776720158060001;
01881803320158060001;
02232182820238060001;
02235924420238060001;
02236868920238060001;
02237743020238060001;
02006956320228060128;
02528356720228060001;
02529378920228060001;
02065860520158060001;
02066813520158060001;
02067134020158060001;
02081805420158060001;
02084057420158060001;
02086551020158060001;
02089331120158060001;
02094120420158060001;
02094484620158060001;
02047432920208060001;
01399366820188060001;
00013426920008060142;
00005573420058060142;
00000982720088060142;
00032135120118060142;
00038491220148060142;
00038526420148060142;
00043211320148060142;
00038306920158060142;
00056829420168060142;
00059886320168060142;
00060319720168060142;
00057458520178060142;
00059441020178060142;
00062403220178060142;
02000291920238060034;
00100478320238060034;
02003869620238060034;
00004189220088060137;
00017254720098060137;
00058554620108060137;
00066331620108060137;
00077272820128060137;
00077697720128060137;
00077731720128060137;
00001103820128060033;
00001338120128060033;
00003953120128060033;
00002443120138060033;
00005907920138060033;
00006115520138060033;
00006167720138060033;
00006253920138060033;
00002033020148060033;
00003627020148060033;
00000615520168060033;
00003395620168060033;
00000266120178060033;
01186134120178060001;
01190256920178060001;
01196917020178060001;
01199445820178060001;
01202494220178060001;
01207058920178060001;
00023860820138060130;
00038202720168060130;
00031488220178060130;
00036658720178060130;
00502067320208060131;
03452910820008060001;
00347318020008060001;
03487008920008060001;
03500493020008060001;
00351549320078060001;
03539198320008060001;
03584294220008060001;
06043998120008060001;
06047063520008060001;
06067598620008060001;
06076138020008060001;
06117994920008060001;
06133012320008060001;
06139265720008060001;
06217134020008060001;
00654957420168060167;
00683961520168060167;
00685027420168060167;
02667748520208060001;
02670493420208060001;
02672684720208060001;
02673394920208060001;
02673740920208060001;
02678686820208060001;
02678695320208060001;
01644871520188060001;
01645859720188060001;
01651774420188060001;
01652241820188060001;
00066469220148060066;
00067262220158060066;
00090201320168060066;
00085227720178060066;
00095334420178060066;
00000106820188060067;
00004826920188060067;
00004843920188060067;
00004879120188060067;
00004896120188060067;
00004904620188060067;
00004913120188060067;
00004774720188060067;
00004783220188060067;
00004791720188060067;
00000094920198060067;
00000051220198060067;
00000147120198060067;
00000891320198060067;
00000909520198060067;
02356261720248060001;
02359622120248060001;
02862382720228060001;
02000570820238060124;
02004347620238060124;
02001148920248060124;
00110964820138060055;
00123141420138060055;
00134539820138060055;
00139476020138060055;
00115802920148060055;
09021101420148060001;
02122189420248060001;
02122431020248060001;
02123141220248060001;
00061694320148060107;
00068016920148060107;
07863986420008060001;
00789350520068060001;
00036979820178060031;
00033217820188060031;
00001163820188060032;
00002130420198060032;
00007327620198060032;
94661648520108060001;
04677011920108060001;
04717345220108060001;
04766251920108060001;
04766278620108060001;
04771596020108060001;
08000089620228060076;
02304566920218060001;
02309771420218060001;
02312907220218060001;
00441026820008060001;
04418701820008060001;
04429553920008060001;
00019320820198060101;
00027392820198060101;
00029359520198060101;
01319509720178060001;
01327043920178060001;
01329226720178060001;
01332136720178060001;
01333894620178060001;
01338208020178060001;
01339714620178060001;
02842076820218060001;
02619291020208060001;
02625223920208060001;
02632741120208060001;
00108648620238060119;
02015243720238060119;
02000543420248060119;
00408739420238060001;
02780033720238060001;
02780180620238060001;
02781307220238060001;
02781428620238060001;
02784173520238060001;
00396396320128060001;
02033825520128060001;
00412964020128060001;
01994921120128060001;
01639517720138060001;
01640756020138060001;
01655972520138060001;
00217325120078060001;
02183077620008060001;
02211415220008060001;
02244663520008060001;
02307185420008060001;
02320329220248060001;
02322892020248060001;
02323117820248060001;
02156168820208060001;
02166344720208060001;
07637421620008060001;
07672575920008060001;
07678664220008060001;
00770351620088060001;
07712995420008060001;
02497512420238060001;
02502068620238060001;
02504086320238060001;
02505117020238060001;
02505471520238060001;
02505800520238060001;
02590566620228060001;
02627334120218060001;
02111094520248060001;
02113112220248060001;
00948967820098060001;
01005955020098060001;
01086967620098060001;
01137753620098060001;
01148528020098060001;
01190601020098060001;
01843762320168060001;
01847357020168060001;
04005728420168060001;
01776547520138060001;
01780262420138060001;
01786281520138060001;
01789079820138060001;
02335470720208060001;
02346972320208060001;
02362916720238060001;
02368770720238060001;
02263656720208060001;
02266011920208060001;
02267501520208060001;
02267658120208060001;
02269017820208060001;
02184858220248060001;
02184892220248060001;
00099931820068060001;
00099978920058060001;
00164840220108060001;
00016982620058060001;
00017334420098060001;
00177396820058060001;
06247377620008060001;
06283077020008060001;
06300537020008060001;
06304304120008060001;
06310046420008060001;
06338210420008060001;
04024367020108060001;
04036015520108060001;
04067522920108060001;
04148431120108060001;
02742755620218060001;
00100692720158060001;
01299067620158060001;
01018846620198060001;
01019487620198060001;
01036141520198060001;
01094500320188060001;
01095436320188060001;
06048171920008060001;
06057742020008060001;
06067468720008060001;
06091069220008060001;
06093606520008060001;
06105315720008060001;
06130068320008060001;
06156794920008060001;
00061650920098060001;
00620787820068060001;
00008906120038060075;
00005049420048060075;
00010164320058060075;
01486360420168060001;
01488335620168060001;
02767764620228060001;
02773982820228060001;
01333862320198060001;
01337075820198060001;
01534277920178060001;
01536668320178060001;
02505041520228060001;
02506652520228060001;
04747584020008060001;
04752182720008060001;
00165264720178060117;
00176272220178060117;
00178004620178060117;
00180369520178060117;
02008067620248060031;
00367772520188060029;
00367998320188060029;
00371168120188060029;
