00000546720068060145;
00018721520108060145;
00021066020118060145;
00026519620128060145;
00026548020148060145;
00028115320148060145;
00022664620158060145;
00030433120158060145;
02000296720238060115;
02001543520238060115;
02001881020238060115;
02003146020238060115;
02003292920238060115;
02004809220238060115;
02006982320238060115;
00008676520008060158;
00020819120008060158;
00028414020008060158;
00033064920008060158;
00047874720008060158;
00006557320028060158;
00006138420148060196;
00042028620138060045;
00043818320148060045;
00039268420158060045;
02048234320238060112;
02076840220238060112;
02004392120248060106;
02004400620248060106;
02004435820248060106;
02004444320248060106;
02004461320248060106;
02004452820248060106;
02004496520248060106;
02004479520248060106;
02004505020248060106;
00026635320008060106;
00028280320008060106;
00024064220118060106;
00024168620118060106;
00027006020128060106;
00025195420158060106;
00028053220158060106;
02032136120248060029;
02013700620248060112;
02019425920248060112;
02049686520248060112;
02050673520248060112;
02052301520248060112;
02010370820238060171;
02001026920248060029;
02001381420248060029;
02001624220248060029;
02004404320248060029;
02006292120248060029;
02010522620228060166;
02000871420238060166;
00100563720238060166;
02002509120238060166;
02003089420238060166;
02005184820238060166;
02005557520238060166;
00512794520178060112;
00538144420178060112;
00558964820178060112;
00567703320178060112;
00572025220178060112;
02016080520248060151;
00108021320248060151;
02002648620248060151;
00103785720248060090;
02016279720248060090;
02016460620248060090;
02018955420248060090;
00003982920008060090;
00004043620008060090;
00016047820008060090;
00001640420008060169;
00012649120008060169;
00016900620008060169;
00023474520008060169;
00025406020008060169;
00025552920008060169;
00025648820008060169;
00041592520008060169;
00041601020008060169;
00041904520008060169;
00044225720008060169;
00044676120008060169;
00045377820008060169;
00046858920008060169;
00052167820008060169;
00001946320058060169;
00005468420068060169;
00011010420068060169;
00001174920088060169;
00014128720098060169;
02006966920248060066;
02008741820248060066;
00002332720188060162;
00002359420188060162;
00055377020198060162;
00502361520208060162;
00102309020248060043;
00102343020248060043;
02014447320248060043;
02016733320248060043;
00103685720248060043;
00103798620248060043;
02031272720238060029;
02015403320248060029;
02016919620248060029;
02038735520248060029;
02039211420248060029;
02013097920238060113;
02000960420248060113;
02028161020248060091;
00067145120158060181;
00068955220158060181;
00073224920158060181;
00099273120168060181;
00100416720168060181;
02004793420248060128;
02007175320248060128;
02011557920248060128;
02009136520248060114;
02005857620248060166;
02006593320248060166;
02006645520248060166;
00101557020248060166;
02009936720248060166;
02009988920248060166;
02009928220248060166;
02009893020248060166;
02009970720248060166;
02022823720238060112;
02478750520218060001;
02033368020238060001;
02036546320238060001;
00147047620248060117;
00149827720248060117;
02060883120248060117;
00154876820248060117;
02062659220248060117;
00220611220178060034;
00227765420178060034;
00230147320178060034;
00001336520188060035;
00002557820188060035;
02655585020248060001;
02655844820248060001;
02656026920248060001;
02657239720248060001;
00200257320168060117;
00201122920168060117;
02521213920248060001;
02521379020248060001;
02007641520248060035;
02007832120248060035;
02009902020248060035;
00500075820148060035;
00981712020158060035;
00981747220158060035;
00982777920158060035;
00984778620158060035;
02074855620228060001;
00513394920208060100;
00142030920178060137;
00112382420188060137;
00217862120248060001;
02371756220248060001;
02374666220248060001;
02335165020218060001;
02335789020218060001;
00027638320078060034;
00141237320118060034;
00129828220128060034;
00152614120128060034;
00513907420148060034;
00007093720098060144;
00029236420108060144;
00045405420138060144;
00046242120148060144;
00047281320148060144;
00048494120148060144;
00042376920158060144;
00043164820158060144;
00043181820158060144;
00043355420158060144;
00044559720158060144;
00044568220158060144;
00047478220158060144;
00048413020158060144;
00056889520168060144;
00056898020168060144;
00057244020168060144;
02701472720208060001;
02705491120208060001;
02707527020208060001;
02707726120208060001;
02487636620248060001;
02488303120248060001;
02492183120248060001;
02000639820228060140;
02004380220228060140;
02007575720238060035;
02007800320238060035;
08000088820238060035;
02012226620238060035;
00332382820248060001;
02710875020248060001;
02711290220248060001;
02714001120248060001;
00334617820248060001;
02715482220248060001;
02100668820158060001;
02117773120158060001;
00506745520218060049;
02002704020228060062;
02444333120218060001;
02446264620218060001;
02449910320218060001;
02451435120218060001;
02004350620248060034;
00391165620128060064;
00403256020128060064;
02972390920228060001;
02790213020228060001;
00102352120248060138;
02003518120248060138;
00004295520078060138;
02026521520248060101;
02027734320248060101;
02075606120238060001;
00128954520238060001;
02077311820238060001;
02081815820238060001;
00010755120088060099;
00000676820108060099;
00066734420128060099;
00073602120128060099;
00083328820128060099;
00077713020138060099;
00092687920138060099;
00084379420148060099;
00095992720148060099;
02184834920238060001;
02186385220238060001;
00349505320248060001;
02753598720248060001;
02754438820248060001;
02754862520248060001;
00350111120248060001;
00350466820248060001;
02755832520248060001;
02756179720248060001;
00351055620248060001;
02757590420248060001;
00351826520248060001;
02759262120248060001;
00054696520148060140;
00054705020148060140;
00055458920148060140;
00047816920158060140;
00048587820158060140;
00059941320158060140;
00062237020158060140;
00062306220158060140;
00076576020168060140;
00079286920168060140;
00007676620008060108;
00008793520008060108;
00009901920008060108;
00012648020008060108;
00013955520008060108;
00005585820048060108;
02144848820238060001;
02148615920238060001;
00161735420238060001;
02151569620238060001;
02007608620238060075;
02009037520238060075;
02011453420238060075;
02003966720248060047;
00012733120008060047;
00018856620008060047;
01837795920138060001;
01845200220138060001;
02012543320248060101;
02013816820248060101;
02567168120248060001;
00276183520248060001;
01901893120168060001;
00112815520158060075;
00127019520158060075;
00149759520168060075;
00155050220168060075;
00542971920208060064;
00561384920208060064;
00500046920218060064;
02809471220238060001;
02005865520228060126;
02000412620238060101;
02009758120238060101;
02015798720238060086;
02016578120238060086;
02000275320248060086;
01416864220178060001;
01421558820178060001;
08854703320148060001;
08861779820148060001;
08865901420148060001;
08870648220148060001;
08872561520148060001;
08875341620148060001;
00116807320148060090;
00482080920148060090;
00482124620148060090;
00482263020148060090;
00487399520148060090;
00670560220178060167;
00036736820008060095;
00008943320068060095;
00007961420078060095;
00005219420098060095;
00008259320098060095;
02052641920248060167;
02053923920248060167;
02054720320248060167;
02055119720248060167;
02055344320248060167;
02055448720248060167;
02056010820248060167;
02504983720248060001;
02505486320248060001;
02506058120248060001;
00257060320248060001;
01634415420198060001;
02695562620248060001;
02696792420248060001;
02697667720248060001;
02697753920248060001;
02698438620248060001;
09216487820148060001;
09217535520148060001;
01206890920158060001;
01216885920158060001;
01217206420158060001;
02773890320218060001;
00080586920088060001;
00081329420068060001;
00814426520088060001;
00824420320088060001;
00827986620068060001;
01460789320158060001;
01470471120158060001;
01477616820158060001;
01477824420158060001;
01488598820158060001;
02699881620228060001;
02589901820248060001;
02590343720248060001;
02591149820248060001;
02591885520248060001;
02592015420248060001;
02200732720248060001;
02120202820228060001;
02122255720228060001;
02278133620248060001;
08891641020148060001;
08896803020148060001;
08897400320148060001;
07857128120148060001;
02665825020238060001;
02666162520238060001;
02666578920238060001;
02666621420238060001;
02667808720238060001;
02671324520238060001;
02671653520238060001;
02018408420218060001;
01265131220168060001;
01275281620168060001;
01276494420168060001;
00158526320168060001;
02721329420218060001;
02472410420248060001;
02412597720228060001;
02413541020228060001;
02792501920248060001;
02794104420248060001;
02794936020248060001;
02797118820248060001;
02798244220248060001;
02220058420238060001;
02220612020238060001;
02413231920248060001;
02415778920248060001;
02527779820218060001;
02261911920248060001;
02265368220248060001;
00571505020078060001;
00579853820078060001;
00580702420078060001;
00584946620078060001;
00618471720078060001;
00634823320078060001;
00717256320078060001;
00719569020078060001;
00789547420078060001;
00802218120078060001;
00860833320078060001;
00928387320078060001;
02552566420218060001;
02554376520218060001;
00280748720218060001;
01041988720168060001;
01052250820168060001;
01080009320168060001;
01080147720168060001;
02647028620248060001;
01797099120168060001;
01801429520168060001;
01802546420168060001;
02639981020238060001;
02219319320248060001;
02222895820248060001;
02767605820238060001;
02769086920238060001;
02771737120238060001;
02773815520238060001;
02386461620248060001;
02387215520248060001;
00359664220248060001;
00359681220248060001;
00360053920248060001;
00358997720248060001;
00358815620248060001;
01161072920168060001;
01163212020168060001;
01170452420168060001;
01181702720168060001;
01184794820168060001;
02613078620248060001;
02613441620248060001;
02613684420248060001;
02615997120248060001;
00294475120248060001;
02680484520248060001;
02680683620248060001;
02551442720238060001;
02551564120238060001;
02551650320238060001;
02556353420238060001;
02556344920238060001;
02556215020238060001;
02557038120238060001;
08743465320148060001;
08738104220148060001;
08744062620148060001;
08745405320148060001;
08747917120148060001;
08749484420148060001;
02459090220248060001;
02463204520248060001;
02463351420248060001;
02463525020248060001;
05137898120118060001;
05145224720118060001;
05146670620118060001;
05177027120118060001;
05182361520118060001;
05201727520118060001;
05224400520118060001;
09032395420148060001;
00340385620248060001;
00341052120248060001;
02731591020248060001;
02732388620248060001;
02734198720248060001;
02734423320248060001;
02734267920248060001;
00342740820248060001;
00342776020248060001;
02882302320228060001;
02886494320228060001;
02644733420218060001;
02647739320218060001;
02648110820218060001;
01703655220178060001;
02872183720238060001;
02875812420238060001;
02002220220248060001;
02002316120248060001;
04627027220008060001;
04634518920008060001;
04640494320008060001;
04643023120008060001;
04659331020008060001;
04663489020008060001;
04671448120008060001;
